120:[18, 11, 8, 3]
121:[38, 11, 21, 10]
122:[41, 2, 46, 4]
123:[20, 0, 31]
124:[40, 26]
125:[49, 0, 5]
126:[28, 2, 25, 35]
127:[31, 0, 34]
128:[7, 0, 17]
129:[1, 0, 33, 40]
130:[43, 41, 3]
131:[39, 7, 20, 31]
132:[12, 0, 26]
133:[33, 22, 13, 35]
134:[47, 11, 13, 0]
135:[18, 31, 26, 14]
136:[5, 4]
137:[17, 12, 28, 41]
138:[45, 17, 1, 30]
139:[33, 11, 39, 16]
140:[41, 1, 11]
141:[5, 29, 47, 30]
142:[22, 0, 42]
143:[0, 1, 8, 24]
144:[18, 15, 13]
145:[7, 22, 28, 35]
146:[34, 47, 21]
147:[28, 8, 26, 47]
148:[46, 2, 49, 43]
149:[30, 0, 10]
150:[21, 2, 39, 25]
151:[47, 5]
152:[10, 41, 16]
153:[13, 7, 12, 40]
154:[10, 40, 42, 37]
155:[14, 34, 41, 5]
156:[49, 0, 29]
157:[18, 38, 33, 40]
158:[23, 12, 21, 3]
159:[48, 0, 22]
160:[38, 0, 29, 18]
161:[16, 19, 15, 23]
162:[47, 44, 48, 17]
163:[21, 48, 0, 47]
164:[43, 2, 32]
165:[14, 48, 13]
166:[6, 11, 27, 3]
167:[47, 0, 23, 10]
168:[38, 10]
169:[6, 8, 20]
170:[34, 37, 17, 26]
171:[4, 11, 23]
172:[27, 4, 49]
173:[35, 7, 27, 38]
174:[41, 17, 25, 35]
175:[6, 3, 12, 25]
176:[35, 8, 37, 15]
177:[21, 34, 44, 30]
178:[46, 6, 44, 7]
179:[2, 45, 33]
180:[15, 5, 11, 18]
181:[10, 5, 14, 46]
182:[0, 26, 19, 18]
183:[25, 19, 1, 9]
184:[14, 27, 8]
185:[30, 29, 0, 40]
186:[43, 10, 37, 4]
187:[45, 33, 8, 38]
188:[17, 37]
189:[14, 0, 43]
190:[40, 21, 12, 45]
191:[30, 29, 0, 23]
192:[32, 10, 30, 11]
193:[19, 40, 30]
194:[15, 8, 20, 16]
195:[1, 2, 46, 7]
196:[7, 48, 11, 15]
197:[33, 35, 48]
198:[8, 36, 11, 46]
199:[23, 0, 24]
