160:[38, 0, 18]
161:[16, 31, 23]
162:[47, 32, 44, 17]
163:[21, 19, 26, 47]
164:[43, 33, 4, 32]
165:[14, 12, 44, 13]
166:[6, 3]
167:[47, 0, 21, 10]
168:[38, 17, 42, 10]
169:[6, 3, 7, 20]
170:[34, 7, 26]
171:[4, 47, 17, 23]
172:[27, 12, 49]
173:[35, 25, 28, 38]
174:[41, 11, 39, 35]
175:[6, 12, 44, 25]
176:[35, 9, 15]
177:[21, 49, 30]
178:[46, 7]
179:[2, 39, 4, 33]
180:[15, 0, 18]
181:[10, 49, 1, 46]
182:[0, 4, 15, 18]
183:[25, 47, 29, 9]
184:[14, 35, 0, 8]
185:[30, 19, 15, 40]
186:[43, 23, 5, 4]
187:[45, 6, 13, 38]
188:[17, 21, 36, 37]
189:[14, 0, 43]
190:[40, 12, 45]
191:[30, 8, 20, 23]
192:[32, 36, 11]
193:[19, 7, 28, 30]
194:[15, 8, 14, 16]
195:[1, 14, 27, 7]
196:[7, 9, 21, 15]
197:[33, 49, 48]
198:[8, 35, 46]
199:[23, 10, 42, 24]
