0:[44, 25, 19, 23]
1:[23, 0, 5]
2:[17, 0, 5]
3:[48, 17, 0, 10]
4:[31, 17]
5:[8, 0, 49]
6:[1, 0, 8, 36]
7:[48, 17, 31]
8:[45, 12, 0]
9:[9, 0, 23]
10:[30, 2, 41]
11:[49, 43, 46]
12:[46, 2, 30]
13:[30, 9, 0, 49]
14:[48, 14, 16]
15:[26, 4, 32, 47]
16:[24, 17]
17:[22, 8, 15]
18:[49, 6, 39]
19:[19, 12, 39]
20:[26, 8, 0, 10]
21:[38, 8, 7]
22:[13, 4, 32, 47]
23:[18, 6, 4, 33]
24:[7, 0, 5]
25:[0, 8, 38]
26:[36, 11, 13]
27:[41, 2, 5, 14]
28:[48, 17, 31]
29:[23, 17, 24]
30:[33, 4, 27]
31:[30, 9, 0, 49]
32:[46, 2, 41]
33:[23, 0, 2, 43]
34:[45, 12, 0]
35:[3, 6, 36]
36:[0, 8, 15]
37:[41, 2, 29]
38:[49, 4, 33]
39:[14, 8, 36]
40:[7, 17, 39]
41:[37, 8, 15]
42:[7, 17, 39]
43:[10, 0, 9]
44:[6, 0, 23]
45:[37, 8, 38]
46:[27, 4, 32]
47:[3, 5, 32]
48:[17, 8, 18]
49:[43, 2, 18]
50:[46, 2, 12]
51:[1, 0, 4, 14]
52:[9, 19, 26]
53:[14, 24, 45]
54:[44, 6, 9]
55:[9, 0, 1]
56:[48, 14, 43]
57:[23, 0, 1]
58:[27, 17]
59:[38, 8, 40]
60:[43, 5, 11, 13]
61:[6, 4, 26]
62:[43, 2, 17, 31]
63:[27, 4, 16]
64:[20, 8, 40]
65:[47, 32, 4, 26]
66:[6, 9, 38]
67:[29, 0, 34]
68:[22, 0, 4, 32]
69:[19, 2, 43]
70:[18, 2, 46]
71:[10, 5, 32]
72:[27, 17, 39]
73:[11, 8, 37]
74:[7, 8, 18]
75:[0, 6]
76:[40, 0]
77:[20, 2, 29]
78:[6, 3, 31]
79:[3, 0, 17, 48]
80:[42, 6]
81:[9, 6, 24]
82:[35, 25, 12]
83:[35, 7, 0]
84:[8, 0, 49]
85:[17, 0, 34]
86:[24, 6, 42]
87:[33, 16, 0, 10]
88:[36, 8]
89:[2, 6]
90:[17, 2]
91:[33, 22, 35]
92:[4, 33]
93:[36, 8, 24]
94:[39, 6, 18]
95:[14, 4, 0, 34]
96:[6, 49]
97:[4, 16]
98:[31, 17, 39]
99:[3, 0, 8, 20]
100:[23, 0, 2, 43]
101:[47, 7, 27]
102:[18, 6, 7]
103:[38, 8, 26]
104:[14, 4, 32, 47]
105:[40, 0, 49]
106:[9, 19, 45]
107:[6, 9, 38]
108:[42, 40, 0, 16]
109:[22, 0, 49]
110:[15, 4, 0, 3]
111:[8, 17, 27]
112:[0, 8, 18]
113:[14, 4, 13]
114:[15, 19, 25]
115:[45, 12, 2]
116:[33, 4, 6, 42]
117:[6, 7]
118:[38, 8, 0, 16]
119:[39, 11, 36]
120:[18, 6, 3]
121:[38, 5, 10]
122:[41, 2, 0, 4]
123:[20, 8, 17, 31]
124:[40, 8, 26]
125:[49, 0, 5]
126:[28, 22, 35]
127:[31, 25, 34]
128:[7, 17]
129:[1, 0, 40]
130:[43, 5, 3]
131:[39, 17, 31]
132:[12, 19, 26]
133:[33, 22, 35]
134:[47, 7, 0]
135:[18, 8, 14]
136:[5, 4]
137:[17, 2, 41]
138:[45, 12, 30]
139:[33, 16]
140:[41, 2, 5, 11]
141:[5, 9, 30]
142:[22, 0, 40, 42]
143:[0, 8, 24]
144:[18, 6, 13]
145:[7, 35]
146:[34, 0, 21]
147:[28, 7, 47]
148:[46, 43]
149:[30, 10]
