120:[18, 12, 13, 3]
121:[38, 19, 15, 10]
122:[41, 8, 20, 4]
123:[20, 8, 37, 31]
124:[40, 12, 30, 26]
125:[49, 48, 14, 5]
126:[28, 9, 7, 35]
127:[31, 25, 34]
128:[7, 25, 0, 17]
129:[1, 29, 17, 40]
130:[43, 38, 6, 3]
131:[39, 2, 17, 31]
132:[12, 28, 4, 26]
133:[33, 34, 44, 35]
134:[47, 21, 2, 0]
135:[18, 21, 11, 14]
136:[5, 4]
137:[17, 48, 34, 41]
138:[45, 12, 30]
139:[33, 11, 36, 16]
140:[41, 25, 44, 11]
141:[5, 14, 16, 30]
142:[22, 35, 6, 42]
143:[0, 3, 8, 24]
144:[18, 15, 11, 13]
145:[7, 28, 35]
146:[34, 38, 11, 21]
147:[28, 7, 20, 47]
148:[46, 43]
149:[30, 42, 10]
