90:[17, 22, 4, 2]
91:[33, 12, 25, 35]
92:[4, 33]
93:[36, 7, 16, 24]
94:[39, 11, 2, 18]
95:[14, 9, 19, 34]
96:[6, 0, 29, 49]
97:[4, 20, 18, 16]
98:[31, 8, 22, 39]
99:[3, 14, 4, 20]
100:[23, 0, 5, 43]
101:[47, 21, 2, 27]
102:[18, 43, 46, 7]
103:[38, 32, 15, 26]
104:[14, 5, 21, 47]
105:[40, 49]
106:[9, 44, 25, 45]
107:[6, 19, 45, 38]
108:[42, 2, 14, 16]
109:[22, 4, 13, 49]
110:[15, 3]
111:[8, 40, 7, 27]
112:[0, 21, 36, 18]
113:[14, 4, 13]
114:[15, 37, 32, 25]
115:[45, 15, 32, 2]
116:[33, 3, 40, 42]
117:[6, 5, 10, 7]
118:[38, 5, 16]
119:[39, 11, 36]
120:[18, 40, 0, 3]
121:[38, 0, 10]
122:[41, 34, 25, 4]
123:[20, 31]
124:[40, 17, 48, 26]
125:[49, 11, 46, 5]
126:[28, 12, 44, 35]
127:[31, 0, 34]
128:[7, 28, 39, 17]
129:[1, 0, 9, 40]
130:[43, 3]
131:[39, 17, 3, 31]
132:[12, 25, 44, 26]
133:[33, 25, 19, 35]
134:[47, 13, 37, 0]
135:[18, 0, 28, 14]
136:[5, 8, 4]
137:[17, 2, 41]
138:[45, 9, 12, 30]
139:[33, 3, 7, 16]
140:[41, 0, 29, 11]
141:[5, 14, 9, 30]
142:[22, 26, 1, 42]
143:[0, 1, 24]
144:[18, 38, 13]
145:[7, 35]
146:[34, 22, 28, 21]
147:[28, 19, 15, 47]
148:[46, 11, 48, 43]
149:[30, 10]
