60:[43, 14, 13]
61:[6, 44, 34, 26]
62:[43, 44, 25, 31]
63:[27, 31, 3, 16]
64:[20, 2, 0, 40]
65:[47, 31, 26]
66:[6, 13, 18, 38]
67:[29, 12, 44, 34]
68:[22, 9, 21, 32]
69:[19, 15, 10, 43]
70:[18, 15, 11, 46]
71:[10, 42, 4, 32]
72:[27, 7, 35, 39]
73:[11, 13, 37]
74:[7, 8, 26, 18]
75:[0, 16, 6]
76:[40, 7, 37, 0]
77:[20, 47, 29]
78:[6, 3, 5, 31]
79:[3, 4, 20, 48]
80:[42, 48, 14, 6]
81:[9, 19, 45, 24]
82:[35, 0, 21, 12]
83:[35, 5, 43, 0]
84:[8, 14, 48, 49]
85:[17, 22, 34]
86:[24, 2, 43, 42]
87:[33, 22, 7, 10]
88:[36, 0, 28, 8]
89:[2, 25, 32, 6]
90:[17, 42, 40, 2]
91:[33, 16, 8, 35]
92:[4, 33]
93:[36, 15, 19, 24]
94:[39, 8, 15, 18]
95:[14, 8, 2, 34]
96:[6, 42, 13, 49]
97:[4, 32, 47, 16]
98:[31, 25, 49, 39]
99:[3, 7, 20]
