120:[17, 2, 41]
121:[45, 4, 15, 30]
122:[33, 16]
123:[41, 48, 5, 11]
124:[5, 8, 20, 30]
125:[22, 0, 21, 42]
126:[0, 17, 24]
127:[18, 6, 13]
128:[7, 35]
129:[34, 33, 22, 21]
130:[28, 49, 29, 47]
131:[46, 16, 14, 43]
132:[30, 2, 43, 10]
133:[21, 0, 25]
134:[47, 20, 8, 5]
135:[10, 12, 44, 16]
136:[13, 8, 37, 40]
137:[10, 6, 9, 37]
138:[14, 8, 5]
139:[49, 0, 29]
140:[18, 8, 49, 40]
141:[23, 5, 3]
142:[48, 7, 0, 22]
143:[38, 26, 19, 18]
144:[16, 3, 6, 23]
145:[47, 21, 17]
146:[21, 47]
147:[43, 2, 26, 32]
148:[14, 19, 37, 13]
149:[6, 3]
150:[47, 22, 28, 10]
151:[38, 10]
152:[6, 4, 26, 20]
153:[34, 7, 35, 26]
154:[4, 33, 23]
155:[27, 12, 48, 49]
156:[35, 38]
157:[41, 12, 35]
158:[6, 36, 26, 25]
159:[35, 46, 4, 15]
160:[21, 12, 30]
161:[46, 4, 7]
162:[2, 20, 33]
163:[15, 18]
164:[10, 22, 34, 46]
165:[0, 19, 2, 18]
166:[25, 11, 9]
167:[14, 2, 46, 8]
168:[30, 12, 48, 40]
169:[43, 12, 1, 4]
170:[45, 27, 18, 38]
171:[17, 37]
172:[14, 43]
173:[40, 12, 25, 45]
174:[30, 9, 29, 23]
175:[32, 6, 40, 11]
176:[19, 9, 30]
177:[15, 25, 44, 16]
178:[1, 0, 3, 7]
179:[7, 9, 30, 15]
180:[33, 14, 5, 48]
181:[8, 5, 4, 46]
182:[23, 25, 35, 24]
183:[2, 43, 46, 1]
184:[37, 24, 45]
185:[29, 8, 20, 11]
186:[14, 26, 8, 15]
187:[26, 18, 7, 25]
188:[27, 46, 19, 26]
189:[19, 26, 38, 11]
190:[42, 43, 49, 0]
191:[34, 41, 36, 13]
192:[16, 0, 34, 18]
193:[24, 1, 10]
194:[13, 11, 21, 40]
195:[5, 10, 42]
196:[35, 8, 40]
197:[45, 24, 18, 40]
198:[4, 46, 19]
199:[27, 11, 39]
