160:[21, 42, 2, 30]
161:[46, 43, 7]
162:[2, 16, 33]
163:[15, 39, 6, 18]
164:[10, 1, 11, 46]
165:[0, 21, 6, 18]
166:[25, 44, 1, 9]
167:[14, 48, 17, 8]
168:[30, 0, 3, 40]
169:[43, 7, 35, 4]
170:[45, 27, 8, 38]
171:[17, 39, 37]
172:[14, 4, 49, 43]
173:[40, 2, 20, 45]
174:[30, 0, 34, 23]
175:[32, 8, 11]
176:[19, 12, 30]
177:[15, 12, 44, 16]
178:[1, 29, 7]
179:[7, 27, 19, 15]
180:[33, 9, 14, 48]
181:[8, 12, 28, 46]
182:[23, 6, 36, 24]
183:[2, 25, 44, 1]
184:[37, 27, 45]
185:[29, 47, 21, 11]
186:[14, 4, 27, 15]
187:[26, 41, 34, 25]
188:[27, 45, 26]
189:[19, 4, 26, 11]
190:[42, 22, 28, 0]
191:[34, 19, 12, 13]
192:[16, 29, 9, 18]
193:[24, 18, 38, 10]
194:[13, 11, 21, 40]
195:[5, 33, 22, 42]
196:[35, 32, 4, 40]
197:[45, 2, 34, 40]
198:[4, 11, 15, 19]
199:[27, 15, 11, 39]
