60:[20, 8, 2, 29]
61:[6, 24, 14, 31]
62:[3, 31, 11, 48]
63:[42, 11, 46, 6]
64:[9, 5, 24]
65:[35, 25, 44, 12]
66:[35, 7, 28, 0]
67:[8, 36, 0, 49]
68:[17, 8, 15, 34]
69:[24, 41, 34, 42]
70:[33, 28, 0, 10]
71:[36, 2, 25, 8]
72:[2, 25, 36, 6]
73:[17, 22, 2]
74:[33, 22, 7, 35]
75:[4, 33]
76:[36, 11, 13, 24]
77:[39, 6, 18]
78:[14, 43, 5, 34]
79:[6, 3, 35, 49]
80:[4, 14, 16]
81:[31, 8, 35, 39]
82:[3, 1, 7, 20]
83:[23, 10, 30, 43]
84:[47, 21, 4, 27]
85:[18, 40, 16, 7]
86:[38, 29, 47, 26]
87:[14, 19, 15, 47]
88:[40, 3, 41, 49]
89:[9, 21, 45]
90:[6, 18, 38]
91:[42, 3, 41, 16]
92:[22, 7, 4, 49]
93:[15, 19, 26, 3]
94:[8, 0, 1, 27]
95:[0, 17, 24, 18]
96:[14, 16, 29, 13]
97:[15, 9, 29, 25]
98:[45, 19, 2]
99:[33, 12, 2, 42]
