0:[22, 8, 15]
1:[49, 6, 39]
2:[19, 12, 39]
3:[26, 8, 0, 10]
4:[38, 8, 7]
5:[13, 4, 32, 47]
6:[18, 6, 4, 33]
7:[7, 0, 5]
8:[0, 8, 38]
9:[36, 11, 13]
10:[41, 2, 5, 14]
11:[48, 17, 31]
12:[23, 17, 24]
13:[33, 4, 27]
14:[30, 9, 0, 49]
15:[46, 2, 41]
16:[23, 0, 2, 43]
17:[45, 12, 0]
18:[3, 6, 36]
19:[0, 8, 15]
20:[41, 2, 29]
21:[49, 4, 33]
22:[14, 8, 36]
23:[7, 17, 39]
24:[37, 8, 15]
25:[7, 17, 39]
26:[10, 0, 9]
27:[6, 0, 23]
28:[37, 8, 38]
29:[27, 4, 32]
30:[3, 5, 32]
31:[17, 8, 18]
32:[43, 2, 18]
33:[46, 2, 12]
34:[1, 0, 4, 14]
35:[9, 19, 26]
36:[14, 24, 45]
37:[44, 6, 9]
38:[9, 0, 1]
39:[48, 14, 43]
40:[23, 0, 1]
41:[27, 17]
42:[38, 8, 40]
43:[43, 5, 11, 13]
44:[6, 4, 26]
45:[43, 2, 17, 31]
46:[27, 4, 16]
47:[20, 8, 40]
48:[47, 32, 4, 26]
49:[6, 9, 38]
