90:[6, 9, 18, 38]
91:[42, 33, 14, 16]
92:[22, 7, 20, 49]
93:[15, 9, 3]
94:[8, 40, 17, 27]
95:[0, 34, 18]
96:[14, 0, 49, 13]
97:[15, 8, 31, 25]
98:[45, 14, 2]
99:[33, 42]
100:[6, 2, 46, 7]
101:[38, 33, 16]
102:[39, 47, 29, 36]
103:[18, 0, 3]
104:[38, 8, 6, 10]
105:[41, 0, 4]
106:[20, 0, 49, 31]
107:[40, 26]
108:[49, 8, 20, 5]
109:[28, 7, 35]
110:[31, 25, 34]
111:[7, 1, 17]
112:[1, 11, 36, 40]
113:[43, 7, 28, 3]
114:[39, 33, 16, 31]
115:[12, 26]
116:[33, 2, 20, 35]
117:[47, 29, 0]
118:[18, 4, 49, 14]
119:[5, 32, 4]
120:[17, 39, 41]
121:[45, 19, 18, 30]
122:[33, 14, 44, 16]
123:[41, 27, 11]
124:[5, 3, 10, 30]
125:[22, 28, 29, 42]
126:[0, 11, 46, 24]
127:[18, 0, 21, 13]
128:[7, 35]
129:[34, 41, 21]
130:[28, 32, 47]
131:[46, 43]
132:[30, 10]
133:[21, 48, 31, 25]
134:[47, 21, 5]
135:[10, 30, 8, 16]
136:[13, 37, 40]
137:[10, 5, 37]
138:[14, 48, 5]
139:[49, 3, 31, 29]
140:[18, 40]
141:[23, 3]
142:[48, 0, 22]
143:[38, 40, 42, 18]
144:[16, 0, 23]
145:[47, 16, 0, 17]
146:[21, 47]
147:[43, 11, 15, 32]
148:[14, 3, 6, 13]
149:[6, 24, 3]
