120:[17, 24, 13, 41]
121:[45, 24, 10, 30]
122:[33, 4, 16]
123:[41, 36, 21, 11]
124:[5, 2, 30]
125:[22, 19, 15, 42]
126:[0, 21, 47, 24]
127:[18, 34, 44, 13]
128:[7, 35]
129:[34, 6, 36, 21]
130:[28, 7, 1, 47]
131:[46, 4, 13, 43]
132:[30, 10]
133:[21, 36, 2, 25]
134:[47, 29, 5]
135:[10, 0, 28, 16]
136:[13, 15, 19, 40]
137:[10, 12, 13, 37]
138:[14, 5]
139:[49, 2, 20, 29]
140:[18, 40]
141:[23, 4, 46, 3]
142:[48, 37, 7, 22]
143:[38, 12, 41, 18]
144:[16, 22, 28, 23]
145:[47, 6, 44, 17]
146:[21, 36, 7, 47]
147:[43, 2, 25, 32]
148:[14, 11, 13]
149:[6, 18, 15, 3]
