0:[22, 8, 15]
1:[49, 6, 39]
2:[19, 12, 39]
3:[26, 8, 0, 10]
4:[38, 8, 7]
5:[13, 4, 32, 47]
6:[18, 6, 4, 33]
7:[7, 0, 5]
8:[0, 8, 38]
9:[36, 11, 13]
10:[41, 2, 5, 14]
11:[48, 17, 31]
12:[23, 17, 24]
13:[33, 4, 27]
14:[30, 9, 0, 49]
15:[46, 2, 41]
16:[23, 0, 2, 43]
17:[45, 12, 0]
18:[3, 6, 36]
19:[0, 8, 15]
20:[41, 2, 29]
21:[49, 4, 33]
22:[14, 8, 36]
23:[7, 17, 39]
24:[37, 8, 15]
25:[7, 17, 39]
26:[10, 0, 9]
27:[6, 0, 23]
28:[37, 8, 38]
29:[27, 4, 32]
30:[3, 5, 32]
31:[17, 8, 18]
32:[43, 2, 18]
33:[46, 2, 12]
34:[1, 0, 4, 14]
35:[9, 19, 26]
36:[14, 24, 45]
37:[44, 6, 9]
38:[9, 0, 1]
39:[48, 14, 43]
40:[23, 0, 1]
41:[27, 17]
42:[38, 8, 40]
43:[43, 5, 11, 13]
44:[6, 4, 26]
45:[43, 2, 17, 31]
46:[27, 4, 16]
47:[20, 8, 40]
48:[47, 32, 4, 26]
49:[6, 9, 38]
50:[29, 0, 34]
51:[22, 0, 4, 32]
52:[19, 2, 43]
53:[18, 2, 46]
54:[10, 5, 32]
55:[27, 17, 39]
56:[11, 8, 37]
57:[7, 8, 18]
58:[0, 6]
59:[40, 0]
60:[20, 2, 29]
61:[6, 3, 31]
62:[3, 0, 17, 48]
63:[42, 6]
64:[9, 6, 24]
65:[35, 25, 12]
66:[35, 7, 0]
67:[8, 0, 49]
68:[17, 0, 34]
69:[24, 6, 42]
70:[33, 16, 0, 10]
71:[36, 8]
72:[2, 6]
73:[17, 2]
74:[33, 22, 35]
75:[4, 33]
76:[36, 8, 24]
77:[39, 6, 18]
78:[14, 4, 0, 34]
79:[6, 49]
80:[4, 16]
81:[31, 17, 39]
82:[3, 0, 8, 20]
83:[23, 0, 2, 43]
84:[47, 7, 27]
85:[18, 6, 7]
86:[38, 8, 26]
87:[14, 4, 32, 47]
88:[40, 0, 49]
89:[9, 19, 45]
90:[6, 9, 38]
91:[42, 40, 0, 16]
92:[22, 0, 49]
93:[15, 4, 0, 3]
94:[8, 17, 27]
95:[0, 8, 18]
96:[14, 4, 13]
97:[15, 19, 25]
98:[45, 12, 2]
99:[33, 4, 6, 42]
100:[6, 7]
101:[38, 8, 0, 16]
102:[39, 11, 36]
103:[18, 6, 3]
104:[38, 5, 10]
105:[41, 2, 0, 4]
106:[20, 8, 17, 31]
107:[40, 8, 26]
108:[49, 0, 5]
109:[28, 22, 35]
110:[31, 25, 34]
111:[7, 17]
112:[1, 0, 40]
113:[43, 5, 3]
114:[39, 17, 31]
115:[12, 19, 26]
116:[33, 22, 35]
117:[47, 7, 0]
118:[18, 8, 14]
119:[5, 4]
120:[17, 2, 41]
121:[45, 12, 30]
122:[33, 16]
123:[41, 2, 5, 11]
124:[5, 9, 30]
125:[22, 0, 40, 42]
126:[0, 8, 24]
127:[18, 6, 13]
128:[7, 35]
129:[34, 0, 21]
130:[28, 7, 47]
131:[46, 43]
132:[30, 10]
133:[21, 12, 25]
134:[47, 32, 5]
135:[10, 0, 16]
136:[13, 12, 40]
137:[10, 7, 37]
138:[14, 5]
139:[49, 0, 29]
140:[18, 40]
141:[23, 0, 3]
142:[48, 17, 22]
143:[38, 18]
144:[16, 0, 23]
145:[47, 7, 17]
146:[21, 47]
147:[43, 5, 32]
148:[14, 4, 13]
149:[6, 3]
