0:[43, 2, 0, 22]
1:[10, 0, 3]
2:[38, 8, 24, 45]
3:[13, 4, 32, 47]
4:[18, 6, 4, 33]
5:[7, 0, 5]
6:[0, 8, 38]
7:[36, 11, 13]
8:[41, 2, 5, 14]
9:[48, 17, 31]
10:[23, 17, 24]
11:[33, 4, 27]
12:[30, 9, 0, 49]
13:[46, 2, 41]
14:[23, 0, 2, 43]
15:[45, 12, 0]
16:[3, 6, 36]
17:[0, 8, 15]
18:[41, 2, 29]
19:[49, 4, 33]
20:[14, 8, 36]
21:[7, 17, 39]
22:[37, 8, 15]
23:[7, 17, 39]
24:[10, 0, 9]
25:[6, 0, 23]
26:[37, 8, 38]
27:[27, 4, 32]
28:[3, 5, 32]
29:[17, 8, 18]
30:[43, 2, 18]
31:[46, 2, 12]
32:[1, 0, 4, 14]
33:[9, 19, 26]
34:[14, 24, 45]
35:[44, 6, 9]
36:[9, 0, 1]
37:[48, 14, 43]
38:[23, 0, 1]
39:[27, 17]
40:[38, 8, 40]
41:[43, 5, 11, 13]
42:[6, 4, 26]
43:[43, 2, 17, 31]
44:[27, 4, 16]
45:[20, 8, 40]
46:[47, 32, 4, 26]
47:[6, 9, 38]
48:[29, 0, 34]
49:[22, 0, 4, 32]
50:[19, 2, 43]
51:[18, 2, 46]
52:[10, 5, 32]
53:[27, 17, 39]
54:[11, 8, 37]
55:[7, 8, 18]
56:[0, 6]
57:[40, 0]
58:[20, 2, 29]
59:[6, 3, 31]
60:[3, 0, 17, 48]
61:[42, 6]
62:[9, 6, 24]
63:[35, 25, 12]
64:[35, 7, 0]
65:[8, 0, 49]
66:[17, 0, 34]
67:[24, 6, 42]
68:[33, 16, 0, 10]
69:[36, 8]
70:[2, 6]
71:[17, 2]
72:[33, 22, 35]
73:[4, 33]
74:[36, 8, 24]
75:[39, 6, 18]
76:[14, 4, 0, 34]
77:[6, 49]
78:[4, 16]
79:[31, 17, 39]
80:[3, 0, 8, 20]
81:[23, 0, 2, 43]
82:[47, 7, 27]
83:[18, 6, 7]
84:[38, 8, 26]
85:[14, 4, 32, 47]
86:[40, 0, 49]
87:[9, 19, 45]
88:[6, 9, 38]
89:[42, 40, 0, 16]
90:[22, 0, 49]
91:[15, 4, 0, 3]
92:[8, 17, 27]
93:[0, 8, 18]
94:[14, 4, 13]
95:[15, 19, 25]
96:[45, 12, 2]
97:[33, 4, 6, 42]
98:[6, 7]
99:[38, 8, 0, 16]
100:[39, 11, 36]
101:[18, 6, 3]
102:[38, 5, 10]
103:[41, 2, 0, 4]
104:[20, 8, 17, 31]
105:[40, 8, 26]
106:[49, 0, 5]
107:[28, 22, 35]
108:[31, 25, 34]
109:[7, 17]
110:[1, 0, 40]
111:[43, 5, 3]
112:[39, 17, 31]
113:[12, 19, 26]
114:[33, 22, 35]
115:[47, 7, 0]
116:[18, 8, 14]
117:[5, 4]
118:[17, 2, 41]
119:[45, 12, 30]
120:[33, 16]
121:[41, 2, 5, 11]
122:[5, 9, 30]
123:[22, 0, 40, 42]
124:[0, 8, 24]
125:[18, 6, 13]
126:[7, 35]
127:[34, 0, 21]
128:[28, 7, 47]
129:[46, 43]
130:[30, 10]
131:[21, 12, 25]
132:[47, 32, 5]
133:[10, 0, 16]
134:[13, 12, 40]
135:[10, 7, 37]
136:[14, 5]
137:[49, 0, 29]
138:[18, 40]
139:[23, 0, 3]
140:[48, 17, 22]
141:[38, 18]
142:[16, 0, 23]
143:[47, 7, 17]
144:[21, 47]
145:[43, 5, 32]
146:[14, 4, 13]
147:[6, 3]
148:[47, 7, 10]
149:[38, 5, 10]
150:[6, 2, 20]
151:[34, 22, 26]
152:[4, 23]
153:[27, 4, 49]
154:[35, 8, 38]
155:[41, 2, 8, 35]
156:[6, 2, 25]
157:[35, 8, 15]
158:[21, 9, 30]
159:[46, 4, 7]
160:[2, 0, 16, 33]
161:[15, 18]
162:[10, 5, 11, 46]
163:[0, 8, 18]
164:[25, 7, 9]
165:[14, 8]
166:[30, 12, 40]
167:[43, 5, 4]
168:[45, 24, 8, 38]
169:[17, 37]
170:[14, 43]
171:[40, 12, 45]
172:[30, 9, 0, 23]
173:[32, 4, 11]
174:[19, 9, 30]
175:[15, 4, 16]
176:[1, 7]
177:[7, 8, 15]
178:[33, 14, 48]
179:[8, 11, 46]
180:[23, 17, 24]
181:[2, 0, 1]
182:[37, 8, 24, 45]
183:[29, 9, 11]
184:[14, 8, 15]
185:[26, 19, 25]
186:[27, 4, 26]
187:[19, 9, 11]
188:[42, 2, 0]
189:[34, 0, 4, 13]
190:[16, 0, 2, 18]
191:[24, 8, 0, 10]
192:[13, 12, 40]
193:[5, 10, 42]
194:[35, 8, 40]
195:[45, 12, 40]
196:[4, 15, 19]
197:[27, 17, 39]
198:[9, 11, 46]
199:[26, 8, 17, 39]
