120:[33, 16]
121:[41, 2, 48, 11]
122:[5, 2, 30]
123:[22, 17, 31, 42]
124:[0, 8, 11, 24]
125:[18, 15, 11, 13]
126:[7, 35]
127:[34, 45, 24, 21]
128:[28, 34, 44, 47]
129:[46, 8, 14, 43]
130:[30, 9, 15, 10]
131:[21, 12, 25]
132:[47, 29, 40, 5]
133:[10, 2, 12, 16]
134:[13, 37, 17, 40]
135:[10, 0, 29, 37]
136:[14, 5]
137:[49, 10, 42, 29]
138:[18, 40]
139:[23, 4, 20, 3]
140:[48, 17, 35, 22]
141:[38, 8, 20, 18]
142:[16, 7, 28, 23]
143:[47, 21, 12, 17]
144:[21, 47]
145:[43, 46, 32]
146:[14, 48, 13]
147:[6, 9, 21, 3]
148:[47, 25, 44, 10]
149:[38, 18, 0, 10]
