160:[2, 41, 3, 33]
161:[15, 9, 29, 18]
162:[10, 42, 46]
163:[0, 21, 3, 18]
164:[25, 34, 44, 9]
165:[14, 48, 49, 8]
166:[30, 12, 28, 40]
167:[43, 2, 8, 4]
168:[45, 10, 30, 38]
169:[17, 37]
170:[14, 43]
171:[40, 42, 45]
172:[30, 12, 44, 23]
173:[32, 47, 49, 11]
174:[19, 15, 14, 30]
175:[15, 19, 23, 16]
176:[1, 29, 8, 7]
177:[7, 16, 11, 15]
178:[33, 17, 48]
179:[8, 20, 46]
180:[23, 17, 0, 24]
181:[2, 6, 0, 1]
182:[37, 4, 27, 45]
183:[29, 8, 20, 11]
184:[14, 8, 32, 15]
185:[26, 7, 12, 25]
186:[27, 11, 4, 26]
187:[19, 15, 36, 11]
188:[42, 2, 29, 0]
189:[34, 22, 33, 13]
190:[16, 0, 29, 18]
191:[24, 4, 14, 10]
192:[13, 47, 21, 40]
193:[5, 0, 28, 42]
194:[35, 25, 44, 40]
195:[45, 24, 8, 40]
196:[4, 13, 2, 19]
197:[27, 6, 39]
198:[9, 21, 4, 46]
199:[26, 22, 28, 39]
