0:[43, 2, 0, 22]
1:[10, 0, 3]
2:[38, 8, 24, 45]
3:[13, 4, 32, 47]
4:[18, 6, 4, 33]
5:[7, 0, 5]
6:[0, 8, 38]
7:[36, 11, 13]
8:[41, 2, 5, 14]
9:[48, 17, 31]
10:[23, 17, 24]
11:[33, 4, 27]
12:[30, 9, 0, 49]
13:[46, 2, 41]
14:[23, 0, 2, 43]
15:[45, 12, 0]
16:[3, 6, 36]
17:[0, 8, 15]
18:[41, 2, 29]
19:[49, 4, 33]
20:[14, 8, 36]
21:[7, 17, 39]
22:[37, 8, 15]
23:[7, 17, 39]
24:[10, 0, 9]
25:[6, 0, 23]
26:[37, 8, 38]
27:[27, 4, 32]
28:[3, 5, 32]
29:[17, 8, 18]
30:[43, 2, 18]
31:[46, 2, 12]
32:[1, 0, 4, 14]
33:[9, 19, 26]
34:[14, 24, 45]
35:[44, 6, 9]
36:[9, 0, 1]
37:[48, 14, 43]
38:[23, 0, 1]
39:[27, 17]
40:[38, 8, 40]
41:[43, 5, 11, 13]
42:[6, 4, 26]
43:[43, 2, 17, 31]
44:[27, 4, 16]
45:[20, 8, 40]
46:[47, 32, 4, 26]
47:[6, 9, 38]
48:[29, 0, 34]
49:[22, 0, 4, 32]
50:[19, 2, 43]
51:[18, 2, 46]
52:[10, 5, 32]
53:[27, 17, 39]
54:[11, 8, 37]
55:[7, 8, 18]
56:[0, 6]
57:[40, 0]
58:[20, 2, 29]
59:[6, 3, 31]
60:[3, 0, 17, 48]
61:[42, 6]
62:[9, 6, 24]
63:[35, 25, 12]
64:[35, 7, 0]
65:[8, 0, 49]
66:[17, 0, 34]
67:[24, 6, 42]
68:[33, 16, 0, 10]
69:[36, 8]
70:[2, 6]
71:[17, 2]
72:[33, 22, 35]
73:[4, 33]
74:[36, 8, 24]
75:[39, 6, 18]
76:[14, 4, 0, 34]
77:[6, 49]
78:[4, 16]
79:[31, 17, 39]
80:[3, 0, 8, 20]
81:[23, 0, 2, 43]
82:[47, 7, 27]
83:[18, 6, 7]
84:[38, 8, 26]
85:[14, 4, 32, 47]
86:[40, 0, 49]
87:[9, 19, 45]
88:[6, 9, 38]
89:[42, 40, 0, 16]
90:[22, 0, 49]
91:[15, 4, 0, 3]
92:[8, 17, 27]
93:[0, 8, 18]
94:[14, 4, 13]
95:[15, 19, 25]
96:[45, 12, 2]
97:[33, 4, 6, 42]
98:[6, 7]
99:[38, 8, 0, 16]
