120:[33, 19, 9, 16]
121:[41, 3, 9, 11]
122:[5, 43, 14, 30]
123:[22, 35, 11, 42]
124:[0, 17, 24]
125:[18, 4, 13]
126:[7, 40, 42, 35]
127:[34, 0, 21]
128:[28, 12, 21, 47]
129:[46, 5, 2, 43]
130:[30, 10]
131:[21, 36, 2, 25]
132:[47, 25, 44, 5]
133:[10, 22, 33, 16]
134:[13, 4, 5, 40]
135:[10, 25, 17, 37]
136:[14, 48, 4, 5]
137:[49, 0, 1, 29]
138:[18, 38, 0, 40]
139:[23, 6, 4, 3]
140:[48, 3, 0, 22]
141:[38, 16, 0, 18]
142:[16, 4, 23]
143:[47, 21, 7, 17]
144:[21, 36, 8, 47]
145:[43, 49, 32]
146:[14, 49, 4, 13]
147:[6, 0, 3]
148:[47, 7, 22, 10]
149:[38, 32, 5, 10]
150:[6, 44, 34, 20]
151:[34, 41, 22, 26]
152:[4, 11, 23]
153:[27, 12, 44, 49]
154:[35, 5, 8, 38]
155:[41, 5, 7, 35]
156:[6, 22, 28, 25]
157:[35, 12, 44, 15]
158:[21, 36, 10, 30]
159:[46, 48, 12, 7]
160:[2, 20, 33]
161:[15, 8, 17, 18]
162:[10, 11, 15, 46]
163:[0, 16, 14, 18]
164:[25, 0, 12, 9]
165:[14, 48, 8]
166:[30, 9, 15, 40]
167:[43, 49, 4]
168:[45, 8, 38]
169:[17, 27, 8, 37]
170:[14, 9, 15, 43]
171:[40, 42, 45]
172:[30, 2, 46, 23]
173:[32, 5, 11]
174:[19, 1, 29, 30]
175:[15, 4, 33, 16]
176:[1, 0, 28, 7]
177:[7, 25, 11, 15]
178:[33, 2, 41, 48]
179:[8, 2, 46]
180:[23, 6, 24]
181:[2, 30, 7, 1]
182:[37, 17, 27, 45]
183:[29, 0, 28, 11]
184:[14, 48, 15]
185:[26, 19, 25]
186:[27, 10, 22, 26]
187:[19, 1, 29, 11]
188:[42, 40, 17, 0]
189:[34, 35, 6, 13]
190:[16, 35, 25, 18]
191:[24, 30, 10]
192:[13, 18, 8, 40]
193:[5, 8, 10, 42]
194:[35, 10, 30, 40]
195:[45, 24, 38, 40]
196:[4, 16, 33, 19]
197:[27, 11, 39]
198:[9, 46]
199:[26, 47, 21, 39]
