60:[3, 22, 26, 48]
61:[42, 0, 21, 6]
62:[9, 7, 47, 24]
63:[35, 7, 25, 12]
64:[35, 2, 30, 0]
65:[8, 20, 6, 49]
66:[17, 22, 34]
67:[24, 18, 38, 42]
68:[33, 14, 1, 10]
69:[36, 34, 41, 8]
70:[2, 46, 36, 6]
71:[17, 0, 49, 2]
72:[33, 22, 28, 35]
73:[4, 14, 33]
74:[36, 11, 8, 24]
75:[39, 4, 15, 18]
76:[14, 24, 25, 34]
77:[6, 7, 49]
78:[4, 23, 33, 16]
79:[31, 22, 35, 39]
80:[3, 5, 10, 20]
81:[23, 34, 44, 43]
82:[47, 42, 40, 27]
83:[18, 15, 10, 7]
84:[38, 12, 28, 26]
85:[14, 3, 31, 47]
86:[40, 10, 42, 49]
87:[9, 21, 19, 45]
88:[6, 9, 11, 38]
89:[42, 12, 14, 16]
90:[22, 8, 6, 49]
91:[15, 9, 30, 3]
92:[8, 11, 27]
93:[0, 3, 31, 18]
94:[14, 43, 11, 13]
95:[15, 7, 35, 25]
96:[45, 19, 25, 2]
97:[33, 22, 2, 42]
98:[6, 36, 7]
99:[38, 28, 12, 16]
