90:[22, 6, 49]
91:[15, 0, 3]
92:[8, 38, 11, 27]
93:[0, 34, 18]
94:[14, 48, 0, 13]
95:[15, 0, 29, 25]
96:[45, 2]
97:[33, 6, 42]
98:[6, 7]
99:[38, 0, 16]
100:[39, 10, 1, 36]
101:[18, 15, 24, 3]
102:[38, 13, 37, 10]
103:[41, 27, 11, 4]
104:[20, 12, 44, 31]
105:[40, 34, 22, 26]
106:[49, 12, 5]
107:[28, 22, 35]
108:[31, 25, 34]
109:[7, 20, 35, 17]
110:[1, 9, 30, 40]
111:[43, 5, 0, 3]
112:[39, 8, 14, 31]
113:[12, 2, 46, 26]
114:[33, 17, 39, 35]
115:[47, 7, 28, 0]
116:[18, 14]
117:[5, 4]
118:[17, 22, 33, 41]
119:[45, 19, 30]
120:[33, 16]
121:[41, 17, 48, 11]
122:[5, 40, 2, 30]
123:[22, 28, 42]
124:[0, 49, 17, 24]
125:[18, 3, 31, 13]
126:[7, 35]
127:[34, 0, 21]
128:[28, 37, 13, 47]
129:[46, 43]
130:[30, 0, 21, 10]
131:[21, 2, 20, 25]
132:[47, 21, 12, 5]
133:[10, 19, 15, 16]
134:[13, 37, 40]
135:[10, 42, 25, 37]
136:[14, 24, 12, 5]
137:[49, 0, 29]
138:[18, 44, 25, 40]
139:[23, 3]
140:[48, 0, 22]
141:[38, 11, 21, 18]
142:[16, 7, 23]
143:[47, 27, 45, 17]
144:[21, 47]
145:[43, 2, 49, 32]
146:[14, 11, 13]
147:[6, 44, 3]
148:[47, 11, 42, 10]
149:[38, 0, 10]
