120:[21, 11, 15, 25]
121:[47, 8, 14, 5]
122:[10, 36, 21, 16]
123:[13, 12, 45, 40]
124:[10, 9, 29, 37]
125:[14, 48, 17, 5]
126:[49, 12, 44, 29]
127:[18, 2, 25, 40]
128:[23, 4, 5, 3]
129:[48, 12, 19, 22]
130:[38, 19, 23, 18]
131:[16, 7, 10, 23]
132:[47, 6, 42, 17]
133:[21, 36, 7, 47]
134:[43, 46, 6, 32]
135:[14, 12, 21, 13]
136:[6, 3]
137:[47, 17, 48, 10]
138:[38, 43, 46, 10]
139:[6, 4, 20]
140:[34, 9, 15, 26]
141:[4, 49, 0, 23]
142:[27, 16, 33, 49]
143:[35, 17, 24, 38]
144:[41, 2, 19, 35]
145:[6, 32, 44, 25]
146:[35, 8, 37, 15]
147:[21, 12, 1, 30]
148:[46, 8, 36, 7]
149:[2, 12, 28, 33]
