120:[21, 47, 36, 25]
121:[47, 0, 28, 5]
122:[10, 0, 16]
123:[13, 4, 0, 40]
124:[10, 1, 8, 37]
125:[14, 8, 40, 5]
126:[49, 2, 6, 29]
127:[18, 4, 7, 40]
128:[23, 6, 3]
129:[48, 12, 44, 22]
130:[38, 18]
131:[16, 0, 29, 23]
132:[47, 29, 17]
133:[21, 10, 7, 47]
134:[43, 49, 2, 32]
135:[14, 0, 22, 13]
136:[6, 17, 27, 3]
137:[47, 9, 30, 10]
138:[38, 9, 5, 10]
139:[6, 0, 21, 20]
140:[34, 2, 20, 26]
141:[4, 23]
142:[27, 13, 43, 49]
143:[35, 22, 38]
144:[41, 11, 15, 35]
145:[6, 3, 31, 25]
146:[35, 23, 19, 15]
147:[21, 47, 39, 30]
148:[46, 11, 15, 7]
149:[2, 12, 44, 33]
150:[15, 46, 2, 18]
151:[10, 46]
152:[0, 7, 35, 18]
153:[25, 34, 8, 9]
154:[14, 24, 19, 8]
155:[30, 6, 3, 40]
156:[43, 34, 41, 4]
157:[45, 4, 32, 38]
158:[17, 37]
159:[14, 43]
160:[40, 12, 45]
161:[30, 0, 23]
162:[32, 21, 11]
163:[19, 25, 30]
164:[15, 19, 0, 16]
165:[1, 0, 34, 7]
166:[7, 8, 38, 15]
167:[33, 44, 25, 48]
168:[8, 11, 21, 46]
169:[23, 32, 5, 24]
170:[2, 30, 7, 1]
171:[37, 6, 4, 45]
172:[29, 18, 39, 11]
173:[14, 21, 36, 15]
174:[26, 34, 25]
175:[27, 0, 4, 26]
176:[19, 27, 17, 11]
177:[42, 10, 0]
178:[34, 11, 13]
179:[16, 0, 5, 18]
180:[24, 4, 13, 10]
181:[13, 25, 31, 40]
182:[5, 40, 42]
183:[35, 11, 42, 40]
184:[45, 40]
185:[4, 14, 12, 19]
186:[27, 17, 39]
187:[9, 4, 46]
188:[26, 12, 25, 39]
189:[16, 0, 49]
190:[28, 2, 46, 14]
191:[34, 18, 8, 35]
192:[18, 14, 24, 33]
193:[19, 2, 29, 36]
194:[48, 4, 16, 30]
195:[1, 22]
196:[28, 27, 45, 42]
197:[43, 39, 12]
198:[37, 7, 20, 3]
199:[40, 0, 4, 36]
