60:[17, 4, 13, 2]
61:[33, 16, 22, 35]
62:[4, 32, 47, 33]
63:[36, 10, 30, 24]
64:[39, 11, 15, 18]
65:[14, 8, 0, 34]
66:[6, 36, 49]
67:[4, 33, 16]
68:[31, 26, 11, 39]
69:[3, 41, 20]
70:[23, 4, 46, 43]
71:[47, 19, 45, 27]
72:[18, 38, 9, 7]
73:[38, 8, 36, 26]
74:[14, 36, 21, 47]
75:[40, 2, 6, 49]
76:[9, 7, 47, 45]
77:[6, 28, 12, 38]
78:[42, 0, 28, 16]
79:[22, 48, 6, 49]
80:[15, 11, 43, 3]
81:[8, 35, 7, 27]
82:[0, 3, 31, 18]
83:[14, 48, 11, 13]
84:[15, 34, 44, 25]
85:[45, 24, 17, 2]
86:[33, 25, 35, 42]
87:[6, 44, 48, 7]
88:[38, 26, 19, 16]
89:[39, 33, 22, 36]
90:[18, 8, 20, 3]
91:[38, 9, 21, 10]
92:[41, 43, 14, 4]
93:[20, 4, 5, 31]
94:[40, 42, 22, 26]
95:[49, 35, 14, 5]
96:[28, 18, 8, 35]
97:[31, 36, 41, 34]
98:[7, 28, 0, 17]
99:[1, 10, 8, 40]
