90:[18, 40, 41, 3]
91:[38, 35, 25, 10]
92:[41, 13, 6, 4]
93:[20, 17, 48, 31]
94:[40, 12, 13, 26]
95:[49, 0, 5]
96:[28, 0, 35]
97:[31, 26, 18, 34]
98:[7, 21, 11, 17]
99:[1, 29, 37, 40]
100:[43, 14, 13, 3]
101:[39, 31]
102:[12, 30, 31, 26]
103:[33, 7, 35]
104:[47, 7, 48, 0]
105:[18, 47, 32, 14]
106:[5, 38, 11, 4]
107:[17, 28, 34, 41]
108:[45, 2, 30]
109:[33, 16]
110:[41, 8, 20, 11]
111:[5, 11, 12, 30]
112:[22, 4, 32, 42]
113:[0, 28, 14, 24]
114:[18, 0, 28, 13]
115:[7, 1, 35]
116:[34, 22, 12, 21]
117:[28, 36, 21, 47]
118:[46, 33, 14, 43]
119:[30, 22, 34, 10]
120:[21, 17, 37, 25]
121:[47, 2, 29, 5]
122:[10, 18, 15, 16]
123:[13, 3, 31, 40]
124:[10, 30, 36, 37]
125:[14, 11, 36, 5]
126:[49, 22, 35, 29]
127:[18, 15, 40]
128:[23, 48, 12, 3]
129:[48, 7, 28, 22]
130:[38, 18]
131:[16, 7, 15, 23]
132:[47, 32, 5, 17]
133:[21, 47]
134:[43, 38, 40, 32]
135:[14, 5, 3, 13]
136:[6, 44, 28, 3]
137:[47, 44, 25, 10]
138:[38, 49, 7, 10]
139:[6, 42, 4, 20]
140:[34, 6, 39, 26]
141:[4, 33, 0, 23]
142:[27, 6, 43, 49]
143:[35, 8, 41, 38]
144:[41, 2, 43, 35]
145:[6, 42, 7, 25]
146:[35, 8, 24, 15]
147:[21, 0, 28, 30]
148:[46, 12, 44, 7]
149:[2, 46, 23, 33]
