0:[27, 17, 48]
1:[30, 9, 0, 49]
2:[46, 2, 41]
3:[23, 0, 2, 43]
4:[45, 12, 0]
5:[3, 6, 36]
6:[0, 8, 15]
7:[41, 2, 29]
8:[49, 4, 33]
9:[14, 8, 36]
10:[7, 17, 39]
11:[37, 8, 15]
12:[7, 17, 39]
13:[10, 0, 9]
14:[6, 0, 23]
15:[37, 8, 38]
16:[27, 4, 32]
17:[3, 5, 32]
18:[17, 8, 18]
19:[43, 2, 18]
20:[46, 2, 12]
21:[1, 0, 4, 14]
22:[9, 19, 26]
23:[14, 24, 45]
24:[44, 6, 9]
25:[9, 0, 1]
26:[48, 14, 43]
27:[23, 0, 1]
28:[27, 17]
29:[38, 8, 40]
30:[43, 5, 11, 13]
31:[6, 4, 26]
32:[43, 2, 17, 31]
33:[27, 4, 16]
34:[20, 8, 40]
35:[47, 32, 4, 26]
36:[6, 9, 38]
37:[29, 0, 34]
38:[22, 0, 4, 32]
39:[19, 2, 43]
40:[18, 2, 46]
41:[10, 5, 32]
42:[27, 17, 39]
43:[11, 8, 37]
44:[7, 8, 18]
45:[0, 6]
46:[40, 0]
47:[20, 2, 29]
48:[6, 3, 31]
49:[3, 0, 17, 48]
50:[42, 6]
51:[9, 6, 24]
52:[35, 25, 12]
53:[35, 7, 0]
54:[8, 0, 49]
55:[17, 0, 34]
56:[24, 6, 42]
57:[33, 16, 0, 10]
58:[36, 8]
59:[2, 6]
60:[17, 2]
61:[33, 22, 35]
62:[4, 33]
63:[36, 8, 24]
64:[39, 6, 18]
65:[14, 4, 0, 34]
66:[6, 49]
67:[4, 16]
68:[31, 17, 39]
69:[3, 0, 8, 20]
70:[23, 0, 2, 43]
71:[47, 7, 27]
72:[18, 6, 7]
73:[38, 8, 26]
74:[14, 4, 32, 47]
75:[40, 0, 49]
76:[9, 19, 45]
77:[6, 9, 38]
78:[42, 40, 0, 16]
79:[22, 0, 49]
80:[15, 4, 0, 3]
81:[8, 17, 27]
82:[0, 8, 18]
83:[14, 4, 13]
84:[15, 19, 25]
85:[45, 12, 2]
86:[33, 4, 6, 42]
87:[6, 7]
88:[38, 8, 0, 16]
89:[39, 11, 36]
90:[18, 6, 3]
91:[38, 5, 10]
92:[41, 2, 0, 4]
93:[20, 8, 17, 31]
94:[40, 8, 26]
95:[49, 0, 5]
96:[28, 22, 35]
97:[31, 25, 34]
98:[7, 17]
99:[1, 0, 40]
