160:[40, 36, 21, 45]
161:[30, 7, 28, 23]
162:[32, 47, 48, 11]
163:[19, 16, 14, 30]
164:[15, 7, 28, 16]
165:[1, 29, 7]
166:[7, 43, 49, 15]
167:[33, 16, 14, 48]
168:[8, 6, 42, 46]
169:[23, 26, 31, 24]
170:[2, 4, 29, 1]
171:[37, 13, 11, 45]
172:[29, 9, 21, 11]
173:[14, 33, 37, 15]
174:[26, 32, 15, 25]
175:[27, 2, 46, 26]
176:[19, 23, 4, 11]
177:[42, 4, 26, 0]
178:[34, 11, 13]
179:[16, 17, 31, 18]
180:[24, 4, 20, 10]
181:[13, 36, 6, 40]
182:[5, 43, 10, 42]
183:[35, 6, 18, 40]
184:[45, 24, 42, 40]
185:[4, 32, 12, 19]
186:[27, 6, 44, 39]
187:[9, 14, 24, 46]
188:[26, 41, 12, 39]
189:[16, 48, 12, 49]
190:[28, 22, 35, 14]
191:[34, 11, 21, 35]
192:[18, 6, 36, 33]
193:[19, 25, 44, 36]
194:[48, 12, 44, 30]
195:[1, 10, 0, 22]
196:[28, 1, 29, 42]
197:[43, 2, 20, 12]
198:[37, 0, 3]
199:[40, 12, 48, 36]
