0:[27, 17, 48]
1:[30, 9, 0, 49]
2:[46, 2, 41]
3:[23, 0, 2, 43]
4:[45, 12, 0]
5:[3, 6, 36]
6:[0, 8, 15]
7:[41, 2, 29]
8:[49, 4, 33]
9:[14, 8, 36]
10:[7, 17, 39]
11:[37, 8, 15]
12:[7, 17, 39]
13:[10, 0, 9]
14:[6, 0, 23]
15:[37, 8, 38]
16:[27, 4, 32]
17:[3, 5, 32]
18:[17, 8, 18]
19:[43, 2, 18]
20:[46, 2, 12]
21:[1, 0, 4, 14]
22:[9, 19, 26]
23:[14, 24, 45]
24:[44, 6, 9]
25:[9, 0, 1]
26:[48, 14, 43]
27:[23, 0, 1]
28:[27, 17]
29:[38, 8, 40]
30:[43, 5, 11, 13]
31:[6, 4, 26]
32:[43, 2, 17, 31]
33:[27, 4, 16]
34:[20, 8, 40]
35:[47, 32, 4, 26]
36:[6, 9, 38]
37:[29, 0, 34]
38:[22, 0, 4, 32]
39:[19, 2, 43]
40:[18, 2, 46]
41:[10, 5, 32]
42:[27, 17, 39]
43:[11, 8, 37]
44:[7, 8, 18]
45:[0, 6]
46:[40, 0]
47:[20, 2, 29]
48:[6, 3, 31]
49:[3, 0, 17, 48]
