120:[17, 12, 30, 37]
121:[14, 16, 2, 43]
122:[40, 7, 20, 45]
123:[30, 45, 19, 23]
124:[32, 7, 20, 11]
125:[19, 26, 12, 30]
126:[15, 8, 36, 16]
127:[1, 7]
128:[7, 1, 2, 15]
129:[33, 12, 48]
130:[8, 5, 43, 46]
131:[23, 4, 17, 24]
132:[2, 26, 31, 1]
133:[37, 0, 28, 45]
134:[29, 12, 19, 11]
135:[14, 48, 32, 15]
136:[26, 4, 12, 25]
137:[27, 4, 11, 26]
138:[19, 0, 21, 11]
139:[42, 5, 3, 0]
140:[34, 41, 11, 13]
141:[16, 14, 33, 18]
142:[24, 7, 1, 10]
143:[13, 9, 15, 40]
144:[5, 4, 42]
145:[35, 5, 32, 40]
146:[45, 27, 26, 40]
147:[4, 5, 38, 19]
148:[27, 5, 3, 39]
149:[9, 29, 47, 46]
150:[26, 45, 27, 39]
151:[16, 0, 49]
152:[28, 16, 14]
153:[34, 26, 8, 35]
154:[18, 38, 6, 33]
155:[19, 45, 0, 36]
156:[48, 8, 36, 30]
157:[1, 29, 0, 22]
158:[28, 2, 42]
159:[43, 46, 21, 12]
160:[37, 1, 12, 3]
161:[40, 4, 21, 36]
162:[45, 24, 47, 17]
163:[42, 0, 9, 26]
164:[21, 11, 27, 44]
165:[20, 13, 4, 26]
166:[36, 12, 28, 38]
167:[24, 22, 33, 26]
168:[4, 49]
169:[47, 40, 42, 8]
170:[20, 0, 16, 44]
171:[41, 17, 39, 29]
172:[2, 29, 14, 5]
173:[19, 25, 44, 2]
174:[7, 2, 46, 15]
175:[6, 44, 34, 14]
176:[27, 4, 2, 17]
177:[37, 0, 1]
178:[44, 15, 32]
179:[33, 16, 7, 12]
180:[0, 7, 17, 24]
181:[48, 11, 7, 37]
182:[13, 38, 7, 20]
183:[36, 7, 37, 38]
184:[20, 2]
185:[12, 15, 9, 21]
186:[16, 41, 3, 37]
187:[28, 26, 31, 29]
188:[38, 11, 39, 2]
189:[36, 4, 6, 24]
190:[29, 19, 34, 41]
191:[19, 40, 12, 25]
192:[40, 5, 0, 34]
193:[36, 18, 40, 45]
194:[49, 7, 37, 42]
195:[45, 19, 15, 26]
196:[16, 12, 44, 3]
197:[26, 31, 17, 39]
198:[0, 22, 28, 14]
199:[37, 13, 1, 23]
