160:[37, 4, 46, 3]
161:[40, 12, 45, 36]
162:[45, 19, 37, 17]
163:[42, 12, 28, 26]
164:[21, 2, 34, 44]
165:[20, 4, 26]
166:[36, 21, 33, 38]
167:[24, 21, 9, 26]
168:[4, 11, 13, 49]
169:[47, 13, 37, 8]
170:[20, 6, 44]
171:[41, 17, 48, 29]
172:[2, 17, 48, 5]
173:[19, 15, 2]
174:[7, 27, 15]
175:[6, 12, 48, 14]
176:[27, 10, 7, 17]
177:[37, 41, 34, 1]
178:[44, 2, 5, 32]
179:[33, 29, 1, 12]
180:[0, 29, 24]
181:[48, 5, 32, 37]
182:[13, 8, 20]
183:[36, 19, 9, 38]
184:[20, 8, 36, 2]
185:[12, 44, 9, 21]
186:[16, 49, 43, 37]
187:[28, 17, 31, 29]
188:[38, 17, 24, 2]
189:[36, 21, 38, 24]
190:[29, 47, 34, 41]
191:[19, 2, 20, 25]
192:[40, 5, 3, 34]
193:[36, 2, 41, 45]
194:[49, 43, 6, 42]
195:[45, 49, 19, 26]
196:[16, 30, 2, 3]
197:[26, 11, 13, 39]
198:[0, 16, 14]
199:[37, 25, 19, 23]
