60:[7, 1, 6, 17]
61:[1, 7, 47, 40]
62:[43, 31, 3]
63:[39, 35, 25, 31]
64:[12, 6, 32, 26]
65:[33, 12, 21, 35]
66:[47, 4, 23, 0]
67:[18, 0, 6, 14]
68:[5, 8, 22, 4]
69:[17, 48, 2, 41]
70:[45, 12, 44, 30]
71:[33, 29, 47, 16]
72:[41, 12, 21, 11]
73:[5, 10, 30]
74:[22, 33, 6, 42]
75:[0, 1, 24]
76:[18, 15, 32, 13]
77:[7, 12, 13, 35]
78:[34, 13, 11, 21]
79:[28, 7, 47]
80:[46, 4, 14, 43]
81:[30, 8, 15, 10]
82:[21, 3, 41, 25]
83:[47, 0, 3, 5]
84:[10, 14, 16]
85:[13, 17, 23, 40]
86:[10, 30, 8, 37]
87:[14, 28, 12, 5]
88:[49, 0, 29]
89:[18, 6, 4, 40]
90:[23, 12, 44, 3]
91:[48, 12, 30, 22]
92:[38, 43, 18]
93:[16, 33, 3, 23]
94:[47, 7, 20, 17]
95:[21, 17, 27, 47]
96:[43, 31, 26, 32]
97:[14, 48, 11, 13]
98:[6, 8, 37, 3]
99:[47, 17, 24, 10]
