0:[19, 26, 22]
1:[34, 2, 19]
2:[18, 2, 46]
3:[10, 5, 32]
4:[27, 17, 39]
5:[11, 8, 37]
6:[7, 8, 18]
7:[0, 6]
8:[40, 0]
9:[20, 2, 29]
10:[6, 3, 31]
11:[3, 0, 17, 48]
12:[42, 6]
13:[9, 6, 24]
14:[35, 25, 12]
15:[35, 7, 0]
16:[8, 0, 49]
17:[17, 0, 34]
18:[24, 6, 42]
19:[33, 16, 0, 10]
20:[36, 8]
21:[2, 6]
22:[17, 2]
23:[33, 22, 35]
24:[4, 33]
25:[36, 8, 24]
26:[39, 6, 18]
27:[14, 4, 0, 34]
28:[6, 49]
29:[4, 16]
30:[31, 17, 39]
31:[3, 0, 8, 20]
32:[23, 0, 2, 43]
33:[47, 7, 27]
34:[18, 6, 7]
35:[38, 8, 26]
36:[14, 4, 32, 47]
37:[40, 0, 49]
38:[9, 19, 45]
39:[6, 9, 38]
40:[42, 40, 0, 16]
41:[22, 0, 49]
42:[15, 4, 0, 3]
43:[8, 17, 27]
44:[0, 8, 18]
45:[14, 4, 13]
46:[15, 19, 25]
47:[45, 12, 2]
48:[33, 4, 6, 42]
49:[6, 7]
50:[38, 8, 0, 16]
51:[39, 11, 36]
52:[18, 6, 3]
53:[38, 5, 10]
54:[41, 2, 0, 4]
55:[20, 8, 17, 31]
56:[40, 8, 26]
57:[49, 0, 5]
58:[28, 22, 35]
59:[31, 25, 34]
60:[7, 17]
61:[1, 0, 40]
62:[43, 5, 3]
63:[39, 17, 31]
64:[12, 19, 26]
65:[33, 22, 35]
66:[47, 7, 0]
67:[18, 8, 14]
68:[5, 4]
69:[17, 2, 41]
70:[45, 12, 30]
71:[33, 16]
72:[41, 2, 5, 11]
73:[5, 9, 30]
74:[22, 0, 40, 42]
75:[0, 8, 24]
76:[18, 6, 13]
77:[7, 35]
78:[34, 0, 21]
79:[28, 7, 47]
80:[46, 43]
81:[30, 10]
82:[21, 12, 25]
83:[47, 32, 5]
84:[10, 0, 16]
85:[13, 12, 40]
86:[10, 7, 37]
87:[14, 5]
88:[49, 0, 29]
89:[18, 40]
90:[23, 0, 3]
91:[48, 17, 22]
92:[38, 18]
93:[16, 0, 23]
94:[47, 7, 17]
95:[21, 47]
96:[43, 5, 32]
97:[14, 4, 13]
98:[6, 3]
99:[47, 7, 10]
100:[38, 5, 10]
101:[6, 2, 20]
102:[34, 22, 26]
103:[4, 23]
104:[27, 4, 49]
105:[35, 8, 38]
106:[41, 2, 8, 35]
107:[6, 2, 25]
108:[35, 8, 15]
109:[21, 9, 30]
110:[46, 4, 7]
111:[2, 0, 16, 33]
112:[15, 18]
113:[10, 5, 11, 46]
114:[0, 8, 18]
115:[25, 7, 9]
116:[14, 8]
117:[30, 12, 40]
118:[43, 5, 4]
119:[45, 24, 8, 38]
120:[17, 37]
121:[14, 43]
122:[40, 12, 45]
123:[30, 9, 0, 23]
124:[32, 4, 11]
125:[19, 9, 30]
126:[15, 4, 16]
127:[1, 7]
128:[7, 8, 15]
129:[33, 14, 48]
130:[8, 11, 46]
131:[23, 17, 24]
132:[2, 0, 1]
133:[37, 8, 24, 45]
134:[29, 9, 11]
135:[14, 8, 15]
136:[26, 19, 25]
137:[27, 4, 26]
138:[19, 9, 11]
139:[42, 2, 0]
140:[34, 0, 4, 13]
141:[16, 0, 2, 18]
142:[24, 8, 0, 10]
143:[13, 12, 40]
144:[5, 10, 42]
145:[35, 8, 40]
146:[45, 12, 40]
147:[4, 15, 19]
148:[27, 17, 39]
149:[9, 11, 46]
150:[26, 8, 17, 39]
151:[16, 0, 49]
152:[28, 0, 4, 14]
153:[34, 25, 35]
154:[18, 6, 4, 33]
155:[19, 2, 8, 36]
156:[48, 12, 30]
157:[1, 0, 22]
158:[28, 0, 2, 42]
159:[43, 2, 12]
160:[37, 8, 0, 3]
161:[40, 8, 36]
162:[45, 24, 17]
163:[42, 40, 8, 26]
164:[21, 12, 44]
165:[20, 8, 26]
166:[36, 8, 38]
167:[24, 8, 26]
168:[4, 49]
169:[47, 7, 8]
170:[20, 2, 6, 44]
171:[41, 2, 29]
172:[2, 5]
173:[19, 2]
174:[7, 8, 15]
175:[6, 14]
176:[27, 17]
177:[37, 7, 1]
178:[44, 6, 32]
179:[33, 16, 0, 12]
180:[0, 8, 24]
181:[48, 17, 37]
182:[13, 4, 20]
183:[36, 8, 38]
184:[20, 2]
185:[12, 21]
186:[16, 7, 37]
187:[28, 0, 29]
188:[38, 5, 2]
189:[36, 8, 24]
190:[29, 2, 41]
191:[19, 25]
192:[40, 0, 34]
193:[36, 8, 24, 45]
194:[49, 6, 42]
195:[45, 19, 26]
196:[16, 0, 3]
197:[26, 8, 17, 39]
198:[0, 8, 14]
199:[37, 17, 23]
