120:[17, 6, 13, 37]
121:[14, 4, 27, 43]
122:[40, 11, 46, 45]
123:[30, 6, 36, 23]
124:[32, 6, 36, 11]
125:[19, 10, 42, 30]
126:[15, 9, 29, 16]
127:[1, 8, 20, 7]
128:[7, 1, 32, 15]
129:[33, 0, 21, 48]
130:[8, 38, 4, 46]
131:[23, 17, 31, 24]
132:[2, 43, 29, 1]
133:[37, 12, 19, 45]
134:[29, 7, 16, 11]
135:[14, 2, 30, 15]
136:[26, 24, 45, 25]
137:[27, 45, 12, 26]
138:[19, 47, 29, 11]
139:[42, 11, 39, 0]
140:[34, 41, 37, 13]
141:[16, 11, 48, 18]
142:[24, 14, 48, 10]
143:[13, 34, 44, 40]
144:[5, 11, 27, 42]
145:[35, 47, 32, 40]
146:[45, 27, 40]
147:[4, 20, 12, 19]
148:[27, 15, 11, 39]
149:[9, 6, 44, 46]
