90:[23, 7, 47, 3]
91:[48, 31, 26, 22]
92:[38, 4, 46, 18]
93:[16, 0, 19, 23]
94:[47, 14, 6, 17]
95:[21, 14, 48, 47]
96:[43, 4, 15, 32]
97:[14, 17, 23, 13]
98:[6, 44, 34, 3]
99:[47, 27, 45, 10]
100:[38, 8, 37, 10]
101:[6, 36, 21, 20]
102:[34, 41, 38, 26]
103:[4, 13, 6, 23]
104:[27, 12, 44, 49]
105:[35, 12, 48, 38]
106:[41, 4, 20, 35]
107:[6, 36, 21, 25]
108:[35, 14, 43, 15]
109:[21, 47, 32, 30]
110:[46, 5, 12, 7]
111:[2, 19, 15, 33]
112:[15, 7, 27, 18]
113:[10, 6, 13, 46]
114:[0, 7, 20, 18]
115:[25, 11, 27, 9]
116:[14, 5, 38, 8]
117:[30, 2, 13, 40]
118:[43, 30, 10, 4]
119:[45, 10, 1, 38]
120:[17, 27, 22, 37]
121:[14, 48, 5, 43]
122:[40, 42, 45]
123:[30, 22, 28, 23]
124:[32, 7, 37, 11]
125:[19, 23, 10, 30]
126:[15, 9, 29, 16]
127:[1, 12, 21, 7]
128:[7, 16, 14, 15]
129:[33, 4, 20, 48]
130:[8, 26, 48, 46]
131:[23, 14, 16, 24]
132:[2, 14, 33, 1]
133:[37, 7, 22, 45]
134:[29, 12, 13, 11]
135:[14, 26, 19, 15]
136:[26, 10, 30, 25]
137:[27, 7, 25, 26]
138:[19, 7, 1, 11]
139:[42, 6, 48, 0]
140:[34, 25, 31, 13]
141:[16, 6, 49, 18]
142:[24, 19, 9, 10]
143:[13, 11, 46, 40]
144:[5, 8, 36, 42]
145:[35, 3, 31, 40]
146:[45, 24, 42, 40]
147:[4, 27, 45, 19]
148:[27, 17, 39]
149:[9, 5, 3, 46]
