0:[19, 26, 22]
1:[34, 2, 19]
2:[18, 2, 46]
3:[10, 5, 32]
4:[27, 17, 39]
5:[11, 8, 37]
6:[7, 8, 18]
7:[0, 6]
8:[40, 0]
9:[20, 2, 29]
10:[6, 3, 31]
11:[3, 0, 17, 48]
12:[42, 6]
13:[9, 6, 24]
14:[35, 25, 12]
15:[35, 7, 0]
16:[8, 0, 49]
17:[17, 0, 34]
18:[24, 6, 42]
19:[33, 16, 0, 10]
20:[36, 8]
21:[2, 6]
22:[17, 2]
23:[33, 22, 35]
24:[4, 33]
25:[36, 8, 24]
26:[39, 6, 18]
27:[14, 4, 0, 34]
28:[6, 49]
29:[4, 16]
30:[31, 17, 39]
31:[3, 0, 8, 20]
32:[23, 0, 2, 43]
33:[47, 7, 27]
34:[18, 6, 7]
35:[38, 8, 26]
36:[14, 4, 32, 47]
37:[40, 0, 49]
38:[9, 19, 45]
39:[6, 9, 38]
40:[42, 40, 0, 16]
41:[22, 0, 49]
42:[15, 4, 0, 3]
43:[8, 17, 27]
44:[0, 8, 18]
45:[14, 4, 13]
46:[15, 19, 25]
47:[45, 12, 2]
48:[33, 4, 6, 42]
49:[6, 7]
