160:[10, 37]
161:[14, 5]
162:[49, 29]
163:[18, 40]
164:[23, 3]
165:[48, 22]
166:[38, 0, 18]
167:[16, 23]
168:[47, 17]
169:[21, 47]
170:[43, 20, 32]
171:[14, 13]
172:[6, 3]
173:[47, 10]
174:[38, 10]
175:[6, 0, 2, 20]
176:[34, 26]
177:[4, 11, 23]
178:[27, 49]
179:[35, 38]
180:[41, 35]
181:[6, 25]
182:[35, 15]
183:[21, 30]
184:[46, 7]
185:[2, 33]
186:[15, 1, 18]
187:[10, 46]
188:[0, 18]
189:[25, 9]
190:[14, 8]
191:[30, 40]
192:[43, 4]
193:[45, 0, 29, 38]
194:[17, 11, 15, 37]
195:[14, 31, 25, 43]
196:[40, 45]
197:[30, 23]
198:[32, 25, 44, 11]
199:[19, 30]
