0:[21, 0, 17]
1:[28, 0, 9]
2:[1, 7, 27]
3:[46, 4, 14]
4:[19, 2, 17]
5:[11, 5, 12, 44]
6:[4, 23]
7:[39, 17, 0, 16]
8:[5, 11, 48]
9:[48, 17, 0, 10]
10:[31, 17]
11:[8, 0, 49]
12:[1, 0, 8, 36]
13:[48, 17, 31]
14:[45, 12, 0]
15:[9, 0, 23]
16:[30, 2, 41]
17:[49, 43, 46]
18:[46, 2, 30]
19:[30, 9, 0, 49]
20:[48, 14, 16]
21:[26, 4, 32, 47]
22:[24, 17]
23:[22, 8, 15]
24:[49, 6, 39]
25:[19, 12, 39]
26:[26, 8, 0, 10]
27:[38, 8, 7]
28:[13, 4, 32, 47]
29:[18, 6, 4, 33]
30:[7, 0, 5]
31:[0, 8, 38]
32:[36, 11, 13]
33:[41, 2, 5, 14]
34:[48, 17, 31]
35:[23, 17, 24]
36:[33, 4, 27]
37:[30, 9, 0, 49]
38:[46, 2, 41]
39:[23, 0, 2, 43]
40:[45, 12, 0]
41:[3, 6, 36]
42:[0, 8, 15]
43:[41, 2, 29]
44:[49, 4, 33]
45:[14, 8, 36]
46:[7, 17, 39]
47:[37, 8, 15]
48:[7, 17, 39]
49:[10, 0, 9]
50:[6, 0, 23]
51:[37, 8, 38]
52:[27, 4, 32]
53:[3, 5, 32]
54:[17, 8, 18]
55:[43, 2, 18]
56:[46, 2, 12]
57:[1, 0, 4, 14]
58:[9, 19, 26]
59:[14, 24, 45]
60:[44, 6, 9]
61:[9, 0, 1]
62:[48, 14, 43]
63:[23, 0, 1]
64:[27, 17]
65:[38, 8, 40]
66:[43, 5, 11, 13]
67:[6, 4, 26]
68:[43, 2, 17, 31]
69:[27, 4, 16]
70:[20, 8, 40]
71:[47, 32, 4, 26]
72:[6, 9, 38]
73:[29, 0, 34]
74:[22, 0, 4, 32]
75:[19, 2, 43]
76:[18, 2, 46]
77:[10, 5, 32]
78:[27, 17, 39]
79:[11, 8, 37]
80:[7, 8, 18]
81:[0, 6]
82:[40, 0]
83:[20, 2, 29]
84:[6, 3, 31]
85:[3, 0, 17, 48]
86:[42, 6]
87:[9, 6, 24]
88:[35, 25, 12]
89:[35, 7, 0]
90:[8, 0, 49]
91:[17, 0, 34]
92:[24, 6, 42]
93:[33, 16, 0, 10]
94:[36, 8]
95:[2, 6]
96:[17, 2]
97:[33, 22, 35]
98:[4, 33]
99:[36, 8, 24]
100:[39, 6, 18]
101:[14, 4, 0, 34]
102:[6, 49]
103:[4, 16]
104:[31, 17, 39]
105:[3, 0, 8, 20]
106:[23, 0, 2, 43]
107:[47, 7, 27]
108:[18, 6, 7]
109:[38, 8, 26]
110:[14, 4, 32, 47]
111:[40, 0, 49]
112:[9, 19, 45]
113:[6, 9, 38]
114:[42, 40, 0, 16]
115:[22, 0, 49]
116:[15, 4, 0, 3]
117:[8, 17, 27]
118:[0, 8, 18]
119:[14, 4, 13]
120:[15, 19, 25]
121:[45, 12, 2]
122:[33, 4, 6, 42]
123:[6, 7]
124:[38, 8, 0, 16]
125:[39, 11, 36]
126:[18, 6, 3]
127:[38, 5, 10]
128:[41, 2, 0, 4]
129:[20, 8, 17, 31]
130:[40, 8, 26]
131:[49, 0, 5]
132:[28, 22, 35]
133:[31, 25, 34]
134:[7, 17]
135:[1, 0, 40]
136:[43, 5, 3]
137:[39, 17, 31]
138:[12, 19, 26]
139:[33, 22, 35]
140:[47, 7, 0]
141:[18, 8, 14]
142:[5, 4]
143:[17, 2, 41]
144:[45, 12, 30]
145:[33, 16]
146:[41, 2, 5, 11]
147:[5, 9, 30]
148:[22, 0, 40, 42]
149:[0, 8, 24]
