90:[8, 0, 49]
91:[17, 23, 0, 34]
92:[24, 42]
93:[33, 0, 10]
94:[36, 26, 8]
95:[2, 29, 36, 6]
96:[17, 2]
97:[33, 35]
98:[4, 23, 21, 33]
99:[36, 3, 18, 24]
100:[39, 18]
101:[14, 33, 5, 34]
102:[6, 49]
103:[4, 16]
104:[31, 39]
105:[3, 20]
106:[23, 43]
107:[47, 21, 27]
108:[18, 7]
109:[38, 15, 26]
110:[14, 47]
111:[40, 10, 26, 49]
112:[9, 12, 45]
113:[6, 2, 25, 38]
114:[42, 9, 30, 16]
115:[22, 35, 49]
116:[15, 34, 41, 3]
117:[8, 27]
118:[0, 21, 47, 18]
119:[14, 45, 24, 13]
120:[15, 6, 13, 25]
121:[45, 25, 19, 2]
122:[33, 29, 26, 42]
123:[6, 5, 28, 7]
124:[38, 2, 16]
125:[39, 9, 6, 36]
126:[18, 15, 32, 3]
127:[38, 48, 5, 10]
128:[41, 32, 15, 4]
129:[20, 4, 31]
130:[40, 2, 20, 26]
131:[49, 34, 44, 5]
132:[28, 27, 11, 35]
133:[31, 2, 25, 34]
134:[7, 20, 18, 17]
135:[1, 0, 40]
136:[43, 3]
137:[39, 13, 31]
138:[12, 48, 26]
139:[33, 22, 35]
140:[47, 12, 19, 0]
141:[18, 8, 14]
142:[5, 8, 10, 4]
143:[17, 41]
144:[45, 0, 30]
145:[33, 41, 22, 16]
146:[41, 11]
147:[5, 30]
148:[22, 6, 42]
149:[0, 28, 24]
