60:[44, 5, 38, 9]
61:[9, 7, 47, 1]
62:[48, 42, 10, 43]
63:[23, 2, 42, 1]
64:[27, 6, 32, 17]
65:[38, 12, 28, 40]
66:[43, 12, 13]
67:[6, 12, 41, 26]
68:[43, 2, 20, 31]
69:[27, 17, 37, 16]
70:[20, 6, 42, 40]
71:[47, 25, 19, 26]
72:[6, 44, 3, 38]
73:[29, 28, 22, 34]
74:[22, 9, 15, 32]
75:[19, 2, 43]
76:[18, 15, 11, 46]
77:[10, 42, 40, 32]
78:[27, 11, 13, 39]
79:[11, 35, 7, 37]
80:[7, 47, 18]
81:[0, 3, 42, 6]
82:[40, 6, 3, 0]
83:[20, 7, 1, 29]
84:[6, 36, 25, 31]
85:[3, 0, 49, 48]
86:[42, 14, 16, 6]
87:[9, 4, 14, 24]
88:[35, 25, 21, 12]
89:[35, 12, 21, 0]
90:[8, 11, 15, 49]
91:[17, 31, 41, 34]
92:[24, 8, 35, 42]
93:[33, 22, 28, 10]
94:[36, 2, 20, 8]
95:[2, 6]
96:[17, 4, 14, 2]
97:[33, 16, 22, 35]
98:[4, 20, 22, 33]
99:[36, 2, 25, 24]
