120:[15, 17, 37, 25]
121:[45, 18, 15, 2]
122:[33, 2, 29, 42]
123:[6, 0, 7]
124:[38, 27, 11, 16]
125:[39, 12, 21, 36]
126:[18, 34, 44, 3]
127:[38, 2, 41, 10]
128:[41, 2, 46, 4]
129:[20, 0, 21, 31]
130:[40, 13, 8, 26]
131:[49, 25, 35, 5]
132:[28, 9, 15, 35]
133:[31, 0, 1, 34]
134:[7, 20, 2, 17]
135:[1, 21, 36, 40]
136:[43, 25, 35, 3]
137:[39, 0, 21, 31]
138:[12, 21, 19, 26]
139:[33, 7, 20, 35]
140:[47, 7, 28, 0]
141:[18, 44, 25, 14]
142:[5, 7, 25, 4]
143:[17, 5, 3, 41]
144:[45, 0, 29, 30]
145:[33, 0, 14, 16]
146:[41, 11]
147:[5, 9, 19, 30]
148:[22, 0, 28, 42]
149:[0, 2, 42, 24]
