120:[15, 20, 26, 25]
121:[45, 0, 2]
122:[33, 0, 38, 42]
123:[6, 17, 7]
124:[38, 21, 36, 16]
125:[39, 36]
126:[18, 11, 15, 3]
127:[38, 10]
128:[41, 12, 19, 4]
129:[20, 9, 30, 31]
130:[40, 19, 15, 26]
131:[49, 3, 41, 5]
132:[28, 24, 6, 35]
133:[31, 34]
134:[7, 15, 17]
135:[1, 7, 20, 40]
136:[43, 25, 41, 3]
137:[39, 0, 31]
138:[12, 1, 26]
139:[33, 35]
140:[47, 49, 13, 0]
141:[18, 29, 47, 14]
142:[5, 11, 48, 4]
143:[17, 3, 41]
144:[45, 36, 25, 30]
145:[33, 0, 16]
146:[41, 30, 11]
147:[5, 30]
148:[22, 1, 42]
149:[0, 47, 36, 24]
150:[18, 47, 29, 13]
151:[7, 2, 25, 35]
152:[34, 1, 21]
153:[28, 0, 47]
154:[46, 0, 43]
155:[30, 49, 10]
156:[21, 0, 31, 25]
157:[47, 0, 5]
158:[10, 45, 16]
159:[13, 8, 37, 40]
160:[10, 6, 13, 37]
161:[14, 2, 10, 5]
162:[49, 0, 29]
163:[18, 44, 12, 40]
164:[23, 2, 3]
165:[48, 0, 22]
166:[38, 26, 18]
167:[16, 49, 28, 23]
168:[47, 17]
169:[21, 4, 33, 47]
170:[43, 47, 21, 32]
171:[14, 20, 13]
172:[6, 15, 41, 3]
173:[47, 0, 10]
174:[38, 19, 15, 10]
175:[6, 20]
176:[34, 0, 26]
177:[4, 18, 43, 23]
178:[27, 47, 0, 49]
179:[35, 25, 37, 38]
180:[41, 5, 35]
181:[6, 45, 25]
182:[35, 46, 3, 15]
183:[21, 35, 31, 30]
184:[46, 6, 24, 7]
185:[2, 0, 23, 33]
186:[15, 3, 42, 18]
187:[10, 0, 46]
188:[0, 34, 25, 18]
189:[25, 8, 9]
190:[14, 34, 44, 8]
191:[30, 14, 40]
192:[43, 49, 4]
193:[45, 31, 25, 38]
194:[17, 7, 20, 37]
195:[14, 11, 36, 43]
196:[40, 7, 28, 45]
197:[30, 12, 28, 23]
198:[32, 37, 39, 11]
199:[19, 0, 30]
