90:[20, 8, 15, 31]
91:[40, 42, 25, 26]
92:[49, 47, 21, 5]
93:[28, 34, 25, 35]
94:[31, 12, 44, 34]
95:[7, 28, 29, 17]
96:[1, 29, 40]
97:[43, 6, 3]
98:[39, 23, 19, 31]
99:[12, 30, 19, 26]
100:[33, 22, 35]
101:[47, 7, 20, 0]
102:[18, 6, 14]
103:[5, 14, 16, 4]
104:[17, 48, 12, 41]
105:[45, 9, 38, 30]
106:[33, 20, 7, 16]
107:[41, 25, 44, 11]
108:[5, 34, 25, 30]
109:[22, 33, 14, 42]
110:[0, 4, 13, 24]
111:[18, 2, 41, 13]
112:[7, 37, 20, 35]
113:[34, 13, 11, 21]
114:[28, 17, 31, 47]
115:[46, 45, 24, 43]
116:[30, 45, 24, 10]
117:[21, 12, 28, 25]
118:[47, 2, 43, 5]
119:[10, 42, 16]
120:[13, 33, 16, 40]
121:[10, 30, 12, 37]
122:[14, 4, 3, 5]
123:[49, 9, 29]
124:[18, 40]
125:[23, 25, 44, 3]
126:[48, 12, 0, 22]
127:[38, 17, 31, 18]
128:[16, 11, 13, 23]
129:[47, 4, 26, 17]
130:[21, 6, 32, 47]
131:[43, 44, 25, 32]
132:[14, 48, 17, 13]
133:[6, 39, 3]
134:[47, 23, 0, 10]
135:[38, 2, 20, 10]
136:[6, 42, 10, 20]
137:[34, 21, 47, 26]
138:[4, 23]
139:[27, 15, 43, 49]
140:[35, 22, 38]
141:[41, 15, 8, 35]
142:[6, 2, 30, 25]
143:[35, 9, 15]
144:[21, 8, 35, 30]
145:[46, 11, 1, 7]
146:[2, 12, 48, 33]
147:[15, 11, 9, 18]
148:[10, 7, 11, 46]
149:[0, 21, 18]
