0:[5, 0, 23]
1:[45, 12, 0]
2:[3, 6, 36]
3:[0, 8, 15]
4:[41, 2, 29]
5:[49, 4, 33]
6:[14, 8, 36]
7:[7, 17, 39]
8:[37, 8, 15]
9:[7, 17, 39]
10:[10, 0, 9]
11:[6, 0, 23]
12:[37, 8, 38]
13:[27, 4, 32]
14:[3, 5, 32]
15:[17, 8, 18]
16:[43, 2, 18]
17:[46, 2, 12]
18:[1, 0, 4, 14]
19:[9, 19, 26]
20:[14, 24, 45]
21:[44, 6, 9]
22:[9, 0, 1]
23:[48, 14, 43]
24:[23, 0, 1]
25:[27, 17]
26:[38, 8, 40]
27:[43, 5, 11, 13]
28:[6, 4, 26]
29:[43, 2, 17, 31]
30:[27, 4, 16]
31:[20, 8, 40]
32:[47, 32, 4, 26]
33:[6, 9, 38]
34:[29, 0, 34]
35:[22, 0, 4, 32]
36:[19, 2, 43]
37:[18, 2, 46]
38:[10, 5, 32]
39:[27, 17, 39]
40:[11, 8, 37]
41:[7, 8, 18]
42:[0, 6]
43:[40, 0]
44:[20, 2, 29]
45:[6, 3, 31]
46:[3, 0, 17, 48]
47:[42, 6]
48:[9, 6, 24]
49:[35, 25, 12]
50:[35, 7, 0]
51:[8, 0, 49]
52:[17, 0, 34]
53:[24, 6, 42]
54:[33, 16, 0, 10]
55:[36, 8]
56:[2, 6]
57:[17, 2]
58:[33, 22, 35]
59:[4, 33]
60:[36, 8, 24]
61:[39, 6, 18]
62:[14, 4, 0, 34]
63:[6, 49]
64:[4, 16]
65:[31, 17, 39]
66:[3, 0, 8, 20]
67:[23, 0, 2, 43]
68:[47, 7, 27]
69:[18, 6, 7]
70:[38, 8, 26]
71:[14, 4, 32, 47]
72:[40, 0, 49]
73:[9, 19, 45]
74:[6, 9, 38]
75:[42, 40, 0, 16]
76:[22, 0, 49]
77:[15, 4, 0, 3]
78:[8, 17, 27]
79:[0, 8, 18]
80:[14, 4, 13]
81:[15, 19, 25]
82:[45, 12, 2]
83:[33, 4, 6, 42]
84:[6, 7]
85:[38, 8, 0, 16]
86:[39, 11, 36]
87:[18, 6, 3]
88:[38, 5, 10]
89:[41, 2, 0, 4]
90:[20, 8, 17, 31]
91:[40, 8, 26]
92:[49, 0, 5]
93:[28, 22, 35]
94:[31, 25, 34]
95:[7, 17]
96:[1, 0, 40]
97:[43, 5, 3]
98:[39, 17, 31]
99:[12, 19, 26]
