0:[5, 0, 23]
1:[45, 12, 0]
2:[3, 6, 36]
3:[0, 8, 15]
4:[41, 2, 29]
5:[49, 4, 33]
6:[14, 8, 36]
7:[7, 17, 39]
8:[37, 8, 15]
9:[7, 17, 39]
10:[10, 0, 9]
11:[6, 0, 23]
12:[37, 8, 38]
13:[27, 4, 32]
14:[3, 5, 32]
15:[17, 8, 18]
16:[43, 2, 18]
17:[46, 2, 12]
18:[1, 0, 4, 14]
19:[9, 19, 26]
20:[14, 24, 45]
21:[44, 6, 9]
22:[9, 0, 1]
23:[48, 14, 43]
24:[23, 0, 1]
25:[27, 17]
26:[38, 8, 40]
27:[43, 5, 11, 13]
28:[6, 4, 26]
29:[43, 2, 17, 31]
30:[27, 4, 16]
31:[20, 8, 40]
32:[47, 32, 4, 26]
33:[6, 9, 38]
34:[29, 0, 34]
35:[22, 0, 4, 32]
36:[19, 2, 43]
37:[18, 2, 46]
38:[10, 5, 32]
39:[27, 17, 39]
40:[11, 8, 37]
41:[7, 8, 18]
42:[0, 6]
43:[40, 0]
44:[20, 2, 29]
45:[6, 3, 31]
46:[3, 0, 17, 48]
47:[42, 6]
48:[9, 6, 24]
49:[35, 25, 12]
50:[35, 7, 0]
51:[8, 0, 49]
52:[17, 0, 34]
53:[24, 6, 42]
54:[33, 16, 0, 10]
55:[36, 8]
56:[2, 6]
57:[17, 2]
58:[33, 22, 35]
59:[4, 33]
60:[36, 8, 24]
61:[39, 6, 18]
62:[14, 4, 0, 34]
63:[6, 49]
64:[4, 16]
65:[31, 17, 39]
66:[3, 0, 8, 20]
67:[23, 0, 2, 43]
68:[47, 7, 27]
69:[18, 6, 7]
70:[38, 8, 26]
71:[14, 4, 32, 47]
72:[40, 0, 49]
73:[9, 19, 45]
74:[6, 9, 38]
75:[42, 40, 0, 16]
76:[22, 0, 49]
77:[15, 4, 0, 3]
78:[8, 17, 27]
79:[0, 8, 18]
80:[14, 4, 13]
81:[15, 19, 25]
82:[45, 12, 2]
83:[33, 4, 6, 42]
84:[6, 7]
85:[38, 8, 0, 16]
86:[39, 11, 36]
87:[18, 6, 3]
88:[38, 5, 10]
89:[41, 2, 0, 4]
90:[20, 8, 17, 31]
91:[40, 8, 26]
92:[49, 0, 5]
93:[28, 22, 35]
94:[31, 25, 34]
95:[7, 17]
96:[1, 0, 40]
97:[43, 5, 3]
98:[39, 17, 31]
99:[12, 19, 26]
100:[33, 22, 35]
101:[47, 7, 0]
102:[18, 8, 14]
103:[5, 4]
104:[17, 2, 41]
105:[45, 12, 30]
106:[33, 16]
107:[41, 2, 5, 11]
108:[5, 9, 30]
109:[22, 0, 40, 42]
110:[0, 8, 24]
111:[18, 6, 13]
112:[7, 35]
113:[34, 0, 21]
114:[28, 7, 47]
115:[46, 43]
116:[30, 10]
117:[21, 12, 25]
118:[47, 32, 5]
119:[10, 0, 16]
120:[13, 12, 40]
121:[10, 7, 37]
122:[14, 5]
123:[49, 0, 29]
124:[18, 40]
125:[23, 0, 3]
126:[48, 17, 22]
127:[38, 18]
128:[16, 0, 23]
129:[47, 7, 17]
130:[21, 47]
131:[43, 5, 32]
132:[14, 4, 13]
133:[6, 3]
134:[47, 7, 10]
135:[38, 5, 10]
136:[6, 2, 20]
137:[34, 22, 26]
138:[4, 23]
139:[27, 4, 49]
140:[35, 8, 38]
141:[41, 2, 8, 35]
142:[6, 2, 25]
143:[35, 8, 15]
144:[21, 9, 30]
145:[46, 4, 7]
146:[2, 0, 16, 33]
147:[15, 18]
148:[10, 5, 11, 46]
149:[0, 8, 18]
150:[25, 7, 9]
151:[14, 8]
152:[30, 12, 40]
153:[43, 5, 4]
154:[45, 24, 8, 38]
155:[17, 37]
156:[14, 43]
157:[40, 12, 45]
158:[30, 9, 0, 23]
159:[32, 4, 11]
160:[19, 9, 30]
161:[15, 4, 16]
162:[1, 7]
163:[7, 8, 15]
164:[33, 14, 48]
165:[8, 11, 46]
166:[23, 17, 24]
167:[2, 0, 1]
168:[37, 8, 24, 45]
169:[29, 9, 11]
170:[14, 8, 15]
171:[26, 19, 25]
172:[27, 4, 26]
173:[19, 9, 11]
174:[42, 2, 0]
175:[34, 0, 4, 13]
176:[16, 0, 2, 18]
177:[24, 8, 0, 10]
178:[13, 12, 40]
179:[5, 10, 42]
180:[35, 8, 40]
181:[45, 12, 40]
182:[4, 15, 19]
183:[27, 17, 39]
184:[9, 11, 46]
185:[26, 8, 17, 39]
186:[16, 0, 49]
187:[28, 0, 4, 14]
188:[34, 25, 35]
189:[18, 6, 4, 33]
190:[19, 2, 8, 36]
191:[48, 12, 30]
192:[1, 0, 22]
193:[28, 0, 2, 42]
194:[43, 2, 12]
195:[37, 8, 0, 3]
196:[40, 8, 36]
197:[45, 24, 17]
198:[42, 40, 8, 26]
199:[21, 12, 44]
