0:[5, 0, 23]
1:[45, 12, 0]
2:[3, 6, 36]
3:[0, 8, 15]
4:[41, 2, 29]
5:[49, 4, 33]
6:[14, 8, 36]
7:[7, 17, 39]
8:[37, 8, 15]
9:[7, 17, 39]
10:[10, 0, 9]
11:[6, 0, 23]
12:[37, 8, 38]
13:[27, 4, 32]
14:[3, 5, 32]
15:[17, 8, 18]
16:[43, 2, 18]
17:[46, 2, 12]
18:[1, 0, 4, 14]
19:[9, 19, 26]
20:[14, 24, 45]
21:[44, 6, 9]
22:[9, 0, 1]
23:[48, 14, 43]
24:[23, 0, 1]
25:[27, 17]
26:[38, 8, 40]
27:[43, 5, 11, 13]
28:[6, 4, 26]
29:[43, 2, 17, 31]
30:[27, 4, 16]
31:[20, 8, 40]
32:[47, 32, 4, 26]
33:[6, 9, 38]
34:[29, 0, 34]
35:[22, 0, 4, 32]
36:[19, 2, 43]
37:[18, 2, 46]
38:[10, 5, 32]
39:[27, 17, 39]
40:[11, 8, 37]
41:[7, 8, 18]
42:[0, 6]
43:[40, 0]
44:[20, 2, 29]
45:[6, 3, 31]
46:[3, 0, 17, 48]
47:[42, 6]
48:[9, 6, 24]
49:[35, 25, 12]
