120:[13, 11, 36, 40]
121:[10, 12, 1, 37]
122:[14, 21, 12, 5]
123:[49, 1, 29]
124:[18, 37, 13, 40]
125:[23, 17, 37, 3]
126:[48, 9, 15, 22]
127:[38, 27, 45, 18]
128:[16, 14, 24, 23]
129:[47, 8, 15, 17]
130:[21, 0, 34, 47]
131:[43, 2, 29, 32]
132:[14, 48, 13]
133:[6, 13, 37, 3]
134:[47, 21, 10]
135:[38, 22, 28, 10]
136:[6, 4, 20]
137:[34, 22, 26]
138:[4, 0, 21, 23]
139:[27, 9, 29, 49]
140:[35, 11, 46, 38]
141:[41, 17, 48, 35]
142:[6, 44, 25]
143:[35, 46, 11, 15]
144:[21, 11, 4, 30]
145:[46, 10, 42, 7]
146:[2, 43, 49, 33]
147:[15, 34, 44, 18]
148:[10, 30, 46]
149:[0, 16, 23, 18]
