160:[19, 25, 44, 30]
161:[15, 11, 46, 16]
162:[1, 29, 20, 7]
163:[7, 20, 4, 15]
164:[33, 36, 21, 48]
165:[8, 35, 46]
166:[23, 18, 8, 24]
167:[2, 47, 29, 1]
168:[37, 17, 48, 45]
169:[29, 1, 21, 11]
170:[14, 11, 15]
171:[26, 19, 25]
172:[27, 10, 42, 26]
173:[19, 6, 13, 11]
174:[42, 6, 44, 0]
175:[34, 2, 20, 13]
176:[16, 14, 43, 18]
177:[24, 4, 26, 10]
178:[13, 22, 8, 40]
179:[5, 35, 7, 42]
180:[35, 36, 21, 40]
181:[45, 24, 40]
182:[4, 14, 10, 19]
183:[27, 45, 3, 39]
184:[9, 29, 6, 46]
185:[26, 31, 30, 39]
186:[16, 4, 20, 49]
187:[28, 15, 9, 14]
188:[34, 12, 28, 35]
189:[18, 22, 34, 33]
190:[19, 12, 36]
191:[48, 12, 10, 30]
192:[1, 12, 8, 22]
193:[28, 41, 34, 42]
194:[43, 46, 24, 12]
195:[37, 7, 31, 3]
196:[40, 12, 21, 36]
197:[45, 7, 47, 17]
198:[42, 5, 10, 26]
199:[21, 12, 6, 44]
