120:[13, 12, 3, 40]
121:[10, 0, 28, 37]
122:[14, 27, 45, 5]
123:[49, 1, 29]
124:[18, 40]
125:[23, 8, 15, 3]
126:[48, 14, 24, 22]
127:[38, 43, 14, 18]
128:[16, 49, 4, 23]
129:[47, 11, 27, 17]
130:[21, 47]
131:[43, 46, 11, 32]
132:[14, 33, 2, 13]
133:[6, 36, 41, 3]
134:[47, 21, 10]
135:[38, 6, 39, 10]
136:[6, 44, 2, 20]
137:[34, 4, 32, 26]
138:[4, 20, 12, 23]
139:[27, 12, 21, 49]
140:[35, 22, 9, 38]
141:[41, 34, 49, 35]
142:[6, 36, 23, 25]
143:[35, 0, 2, 15]
144:[21, 19, 45, 30]
145:[46, 3, 10, 7]
146:[2, 41, 12, 33]
147:[15, 6, 13, 18]
148:[10, 30, 2, 46]
149:[0, 22, 35, 18]
150:[25, 44, 30, 9]
151:[14, 8]
152:[30, 9, 18, 40]
153:[43, 3, 11, 4]
154:[45, 0, 5, 38]
155:[17, 37]
156:[14, 43]
157:[40, 44, 34, 45]
158:[30, 10, 23]
159:[32, 0, 28, 11]
160:[19, 33, 16, 30]
161:[15, 12, 41, 16]
162:[1, 0, 10, 7]
163:[7, 27, 0, 15]
164:[33, 12, 48]
165:[8, 26, 0, 46]
166:[23, 34, 44, 24]
167:[2, 17, 31, 1]
168:[37, 7, 35, 45]
169:[29, 1, 21, 11]
170:[14, 16, 9, 15]
171:[26, 47, 29, 25]
172:[27, 3, 31, 26]
173:[19, 25, 44, 11]
174:[42, 14, 48, 0]
175:[34, 4, 11, 13]
176:[16, 0, 23, 18]
177:[24, 4, 26, 10]
178:[13, 37, 1, 40]
179:[5, 8, 38, 42]
180:[35, 26, 19, 40]
181:[45, 24, 6, 40]
182:[4, 9, 11, 19]
183:[27, 4, 5, 39]
184:[9, 15, 46]
185:[26, 22, 35, 39]
186:[16, 4, 6, 49]
187:[28, 22, 43, 14]
188:[34, 7, 20, 35]
189:[18, 42, 10, 33]
190:[19, 23, 2, 36]
191:[48, 12, 25, 30]
192:[1, 49, 4, 22]
193:[28, 31, 6, 42]
194:[43, 14, 48, 12]
195:[37, 34, 0, 3]
196:[40, 36]
197:[45, 4, 46, 17]
198:[42, 5, 8, 26]
199:[21, 23, 6, 44]
