60:[36, 21, 28, 24]
61:[39, 12, 28, 18]
62:[14, 24, 21, 34]
63:[6, 49]
64:[4, 14, 16]
65:[31, 8, 20, 39]
66:[3, 17, 37, 20]
67:[23, 19, 9, 43]
68:[47, 21, 36, 27]
69:[18, 2, 16, 7]
70:[38, 8, 22, 26]
71:[14, 8, 41, 47]
72:[40, 31, 3, 49]
73:[9, 15, 19, 45]
74:[6, 14, 48, 38]
75:[42, 10, 30, 16]
76:[22, 42, 0, 49]
77:[15, 9, 21, 3]
78:[8, 11, 39, 27]
79:[0, 28, 6, 18]
80:[14, 5, 12, 13]
81:[15, 34, 41, 25]
82:[45, 47, 29, 2]
83:[33, 2, 42]
84:[6, 29, 47, 7]
85:[38, 40, 0, 16]
86:[39, 32, 47, 36]
87:[18, 38, 3]
88:[38, 43, 37, 10]
89:[41, 11, 36, 4]
90:[20, 11, 26, 31]
91:[40, 10, 30, 26]
92:[49, 34, 44, 5]
93:[28, 22, 35]
94:[31, 26, 41, 34]
95:[7, 1, 27, 17]
96:[1, 0, 40]
97:[43, 46, 3]
98:[39, 7, 20, 31]
99:[12, 13, 5, 26]
