0,0,0
0,0,1
0,0,2
0,0,3
0,0,4
0,0,5
0,0,6
0,0,7
0,0,8
0,0,9
0,0,10
0,0,11
0,0,12
0,0,13
0,0,14
0,1,0
0,1,1
0,1,2
0,1,3
0,1,4
0,1,5
0,1,6
0,1,7
0,1,8
0,1,9
0,1,10
0,1,11
0,1,12
0,1,13
0,1,14
0,2,0
0,2,1
0,2,2
0,2,3
0,2,4
0,2,5
0,2,6
0,2,7
0,2,8
0,2,9
0,2,10
0,2,11
0,2,12
0,2,13
0,2,14
0,4,0
0,4,1
0,4,2
0,4,3
0,4,4
0,4,5
0,4,6
0,4,7
0,4,8
0,4,9
0,4,10
0,4,11
0,4,12
0,4,13
0,4,14
0,5,0
0,5,2
0,5,3
0,5,5
0,5,6
0,5,9
0,5,12
0,6,0
0,6,1
0,6,2
0,6,3
0,6,4
0,6,5
0,6,6
0,6,7
0,6,8
0,6,9
0,6,10
0,6,11
0,6,12
0,6,13
0,6,14
0,7,0
0,7,1
0,7,2
0,7,3
0,7,4
0,7,5
0,7,6
0,7,7
0,7,8
0,7,9
0,7,10
0,7,11
0,7,12
0,7,13
0,7,14
0,8,0
0,8,2
0,8,3
0,8,5
0,8,6
0,8,9
0,8,12
0,9,0
0,9,1
0,9,2
0,9,3
0,9,4
0,9,5
0,9,6
0,9,7
0,9,8
0,9,9
0,9,10
0,9,11
0,9,12
0,9,13
0,9,14
0,10,3
0,14,0
0,14,1
0,14,2
0,14,3
0,14,4
0,14,5
0,14,6
0,14,7
0,14,8
0,14,9
0,14,10
0,14,11
0,14,12
0,14,13
0,14,14
0,15,3
0,16,0
0,16,1
0,16,2
0,16,3
0,16,4
0,16,5
0,16,6
0,16,7
0,16,8
0,16,9
0,16,10
0,16,11
0,16,12
0,16,13
0,16,14
0,17,0
0,17,2
0,17,3
0,17,5
0,17,6
0,17,9
0,17,12
0,18,0
0,18,1
0,18,2
0,18,3
0,18,4
0,18,5
0,18,6
0,18,7
0,18,8
0,18,9
0,18,10
0,18,11
0,18,12
0,18,13
0,18,14
0,19,0
0,19,1
0,19,2
0,19,3
0,19,4
0,19,5
0,19,6
0,19,7
0,19,8
0,19,9
0,19,10
0,19,11
0,19,12
0,19,13
0,19,14
0,23,3
0,24,0
0,24,1
0,24,2
0,24,3
0,24,4
0,24,5
0,24,6
0,24,7
0,24,8
0,24,9
0,24,10
0,24,11
0,24,12
0,24,13
0,24,14
0,25,3
0,26,0
0,26,1
0,26,2
0,26,3
0,26,4
0,26,5
0,26,6
0,26,7
0,26,8
0,26,9
0,26,10
0,26,11
0,26,12
0,26,13
0,26,14
0,27,0
0,27,1
0,27,2
0,27,3
0,27,4
0,27,5
0,27,6
0,27,7
0,27,8
0,27,9
0,27,10
0,27,11
0,27,12
0,27,13
0,27,14
0,29,0
0,29,2
0,29,3
0,29,5
0,29,6
0,29,9
0,29,12
0,31,0
0,31,1
0,31,2
0,31,3
0,31,4
0,31,5
0,31,6
0,31,7
0,31,8
0,31,9
0,31,10
0,31,11
0,31,12
0,31,13
0,31,14
0,32,0
0,32,2
0,32,3
0,32,5
0,32,6
0,32,9
0,32,12
0,34,0
0,34,1
0,34,2
0,34,3
0,34,4
0,34,5
0,34,6
0,34,7
0,34,8
0,34,9
0,34,10
0,34,11
0,34,12
0,34,13
0,34,14
0,36,0
0,36,1
0,36,2
0,36,3
0,36,4
0,36,5
0,36,6
0,36,7
0,36,8
0,36,9
0,36,10
0,36,11
0,36,12
0,36,13
0,36,14
0,37,0
0,37,1
0,37,2
0,37,3
0,37,4
0,37,5
0,37,6
0,37,7
0,37,8
0,37,9
0,37,10
0,37,11
0,37,12
0,37,13
0,37,14
0,38,0
0,38,1
0,38,2
0,38,3
0,38,4
0,38,5
0,38,6
0,38,7
0,38,8
0,38,9
0,38,10
0,38,11
0,38,12
0,38,13
0,38,14
0,39,0
0,39,1
0,39,2
0,39,3
0,39,4
0,39,5
0,39,6
0,39,7
0,39,8
0,39,9
0,39,10
0,39,11
0,39,12
0,39,13
0,39,14
0,44,0
0,44,1
0,44,2
0,44,3
0,44,4
0,44,5
0,44,6
0,44,7
0,44,8
0,44,9
0,44,10
0,44,11
0,44,12
0,44,13
0,44,14
0,45,0
0,45,1
0,45,2
0,45,3
0,45,4
0,45,5
0,45,6
0,45,7
0,45,8
0,45,9
0,45,10
0,45,11
0,45,12
0,45,13
0,45,14
0,48,3
0,49,3
1,0,0
1,0,1
1,0,2
1,0,3
1,0,4
1,0,5
1,0,6
1,0,7
1,0,8
1,0,9
1,0,10
1,0,11
1,0,12
1,0,13
1,0,14
1,1,0
1,1,1
1,1,2
1,1,3
1,1,4
1,1,5
1,1,6
1,1,7
1,1,8
1,1,9
1,1,10
1,1,11
1,1,12
1,1,13
1,1,14
1,2,0
1,2,1
1,2,2
1,2,3
1,2,4
1,2,5
1,2,6
1,2,7
1,2,8
1,2,9
1,2,10
1,2,11
1,2,12
1,2,13
1,2,14
1,4,0
1,4,1
1,4,2
1,4,3
1,4,4
1,4,5
1,4,6
1,4,7
1,4,8
1,4,9
1,4,10
1,4,11
1,4,12
1,4,13
1,4,14
1,5,0
1,5,1
1,5,2
1,5,3
1,5,4
1,5,5
1,5,6
1,5,7
1,5,8
1,5,9
1,5,10
1,5,11
1,5,12
1,5,13
1,5,14
1,6,0
1,6,1
1,6,2
1,6,3
1,6,4
1,6,5
1,6,6
1,6,7
1,6,8
1,6,9
1,6,10
1,6,11
1,6,12
1,6,13
1,6,14
1,7,0
1,7,1
1,7,2
1,7,3
1,7,4
1,7,5
1,7,6
1,7,7
1,7,8
1,7,9
1,7,10
1,7,11
1,7,12
1,7,13
1,7,14
1,8,0
1,8,1
1,8,2
1,8,3
1,8,4
1,8,5
1,8,6
1,8,7
1,8,8
1,8,9
1,8,10
1,8,11
1,8,12
1,8,13
1,8,14
1,9,0
1,9,1
1,9,2
1,9,3
1,9,4
1,9,5
1,9,6
1,9,7
1,9,8
1,9,9
1,9,10
1,9,11
1,9,12
1,9,13
1,9,14
1,10,0
1,10,3
1,10,6
1,14,0
1,14,1
1,14,2
1,14,3
1,14,4
1,14,5
1,14,6
1,14,7
1,14,8
1,14,9
1,14,10
1,14,11
1,14,12
1,14,13
1,14,14
1,15,0
1,15,3
1,15,6
1,16,0
1,16,1
1,16,2
1,16,3
1,16,4
1,16,5
1,16,6
1,16,7
1,16,8
1,16,9
1,16,10
1,16,11
1,16,12
1,16,13
1,16,14
1,17,0
1,17,1
1,17,2
1,17,3
1,17,4
1,17,5
1,17,6
1,17,7
1,17,8
1,17,9
1,17,10
1,17,11
1,17,12
1,17,13
1,17,14
1,18,0
1,18,1
1,18,2
1,18,3
1,18,4
1,18,5
1,18,6
1,18,7
1,18,8
1,18,9
1,18,10
1,18,11
1,18,12
1,18,13
1,18,14
1,19,0
1,19,1
1,19,2
1,19,3
1,19,4
1,19,5
1,19,6
1,19,7
1,19,8
1,19,9
1,19,10
1,19,11
1,19,12
1,19,13
1,19,14
1,23,0
1,23,3
1,23,6
1,24,0
1,24,1
1,24,2
1,24,3
1,24,4
1,24,5
1,24,6
1,24,7
1,24,8
1,24,9
1,24,10
1,24,11
1,24,12
1,24,13
1,24,14
1,25,0
1,25,3
1,25,6
1,26,0
1,26,1
1,26,2
1,26,3
1,26,4
1,26,5
1,26,6
1,26,7
1,26,8
1,26,9
1,26,10
1,26,11
1,26,12
1,26,13
1,26,14
1,27,0
1,27,1
1,27,2
1,27,3
1,27,4
1,27,5
1,27,6
1,27,7
1,27,8
1,27,9
1,27,10
1,27,11
1,27,12
1,27,13
1,27,14
1,29,0
1,29,1
1,29,2
1,29,3
1,29,4
1,29,5
1,29,6
1,29,7
1,29,8
1,29,9
1,29,10
1,29,11
1,29,12
1,29,13
1,29,14
1,31,0
1,31,1
1,31,2
1,31,3
1,31,4
1,31,5
1,31,6
1,31,7
1,31,8
1,31,9
1,31,10
1,31,11
1,31,12
1,31,13
1,31,14
1,32,0
1,32,1
1,32,2
1,32,3
1,32,4
1,32,5
1,32,6
1,32,7
1,32,8
1,32,9
1,32,10
1,32,11
1,32,12
1,32,13
1,32,14
1,34,0
1,34,1
1,34,2
1,34,3
1,34,4
1,34,5
1,34,6
1,34,7
1,34,8
1,34,9
1,34,10
1,34,11
1,34,12
1,34,13
1,34,14
1,36,0
1,36,1
1,36,2
1,36,3
1,36,4
1,36,5
1,36,6
1,36,7
1,36,8
1,36,9
1,36,10
1,36,11
1,36,12
1,36,13
1,36,14
1,37,0
1,37,1
1,37,2
1,37,3
1,37,4
1,37,5
1,37,6
1,37,7
1,37,8
1,37,9
1,37,10
1,37,11
1,37,12
1,37,13
1,37,14
1,38,0
1,38,1
1,38,2
1,38,3
1,38,4
1,38,5
1,38,6
1,38,7
1,38,8
1,38,9
1,38,10
1,38,11
1,38,12
1,38,13
1,38,14
1,39,0
1,39,1
1,39,2
1,39,3
1,39,4
1,39,5
1,39,6
1,39,7
1,39,8
1,39,9
1,39,10
1,39,11
1,39,12
1,39,13
1,39,14
1,44,0
1,44,1
1,44,2
1,44,3
1,44,4
1,44,5
1,44,6
1,44,7
1,44,8
1,44,9
1,44,10
1,44,11
1,44,12
1,44,13
1,44,14
1,45,0
1,45,1
1,45,2
1,45,3
1,45,4
1,45,5
1,45,6
1,45,7
1,45,8
1,45,9
1,45,10
1,45,11
1,45,12
1,45,13
1,45,14
1,48,0
1,48,3
1,48,6
1,49,0
2,0,0
2,0,1
2,0,4
2,1,0
2,1,1
2,1,4
2,2,0
2,2,1
2,2,4
2,4,0
2,4,1
2,4,4
2,5,0
2,6,0
2,6,1
2,6,4
2,7,0
2,7,1
2,7,4
2,8,0
2,9,0
2,9,1
2,9,4
2,14,0
2,14,1
2,14,4
2,16,0
2,16,1
2,16,4
2,17,0
2,18,0
2,18,1
2,18,4
2,19,0
2,19,1
2,19,4
2,24,0
2,24,1
2,24,4
2,26,0
2,26,1
2,26,4
2,27,0
2,27,1
2,27,4
2,29,0
2,31,0
2,31,1
2,31,4
2,32,0
2,34,0
2,34,1
2,34,4
2,36,0
2,36,1
2,36,4
2,37,0
2,37,1
2,37,4
2,38,0
2,38,1
2,38,4
2,39,0
2,39,1
2,39,4
2,44,0
2,44,1
2,44,4
2,45,0
2,45,1
2,45,4
3,0,0
3,1,0
3,2,0
3,4,0
3,5,0
3,6,0
3,7,0
3,8,0
3,9,0
3,14,0
3,16,0
3,17,0
3,18,0
3,19,0
3,24,0
3,26,0
3,27,0
3,29,0
3,31,0
3,32,0
3,34,0
3,36,0
3,37,0
3,38,0
3,39,0
3,44,0
3,45,0
