90:[14, 0, 1, 13]
91:[15, 37, 13, 25]
92:[45, 24, 2]
93:[33, 42]
94:[6, 44, 34, 7]
95:[38, 17, 4, 16]
96:[39, 36]
97:[18, 3]
98:[38, 10]
99:[41, 12, 4]
100:[20, 26, 31]
101:[40, 11, 46, 26]
102:[49, 0, 5]
103:[28, 8, 35]
104:[31, 0, 34]
105:[7, 37, 17]
106:[1, 0, 40]
107:[43, 7, 28, 3]
108:[39, 31]
109:[12, 44, 34, 26]
110:[33, 9, 38, 35]
111:[47, 7, 0]
112:[18, 48, 14]
113:[5, 4]
114:[17, 12, 41]
115:[45, 30]
116:[33, 8, 20, 16]
117:[41, 11]
118:[5, 30]
119:[22, 28, 40, 42]
120:[0, 28, 25, 24]
121:[18, 13]
122:[7, 47, 21, 35]
123:[34, 47, 21]
124:[28, 20, 32, 47]
125:[46, 43]
126:[30, 10]
127:[21, 19, 25]
128:[47, 0, 5]
129:[10, 30, 16]
130:[13, 0, 40]
131:[10, 30, 37]
132:[14, 9, 15, 5]
133:[49, 23, 19, 29]
134:[18, 15, 42, 40]
135:[23, 5, 3]
136:[48, 22]
137:[38, 21, 36, 18]
138:[16, 38, 0, 23]
139:[47, 14, 48, 17]
140:[21, 47]
141:[43, 32]
142:[14, 43, 38, 13]
143:[6, 42, 3]
144:[47, 21, 10]
145:[38, 27, 0, 10]
146:[6, 35, 25, 20]
147:[34, 14, 48, 26]
148:[4, 11, 23]
149:[27, 6, 13, 49]
