120:[0, 29, 34, 24]
121:[18, 36, 21, 13]
122:[7, 27, 35]
123:[34, 9, 21]
124:[28, 47]
125:[46, 43]
126:[30, 10]
127:[21, 8, 20, 25]
128:[47, 18, 38, 5]
129:[10, 23, 33, 16]
130:[13, 37, 6, 40]
131:[10, 30, 13, 37]
132:[14, 33, 5]
133:[49, 0, 29]
134:[18, 40]
135:[23, 44, 31, 3]
136:[48, 12, 28, 22]
137:[38, 8, 15, 18]
138:[16, 46, 17, 23]
139:[47, 17]
140:[21, 47]
141:[43, 26, 47, 32]
142:[14, 0, 28, 13]
143:[6, 36, 0, 3]
144:[47, 12, 2, 10]
145:[38, 0, 1, 10]
146:[6, 2, 20]
147:[34, 45, 31, 26]
148:[4, 27, 19, 23]
149:[27, 49]
150:[35, 43, 38]
151:[41, 34, 35]
152:[6, 3, 31, 25]
153:[35, 19, 15]
154:[21, 9, 30]
155:[46, 1, 7]
156:[2, 33]
157:[15, 18]
158:[10, 2, 46]
159:[0, 49, 19, 18]
160:[25, 44, 43, 9]
161:[14, 8]
162:[30, 8, 36, 40]
163:[43, 13, 4]
164:[45, 27, 17, 38]
165:[17, 24, 14, 37]
166:[14, 43]
167:[40, 35, 25, 45]
168:[30, 12, 28, 23]
169:[32, 15, 11]
170:[19, 30]
171:[15, 5, 12, 16]
172:[1, 7]
173:[7, 9, 29, 15]
174:[33, 4, 11, 48]
175:[8, 24, 46]
176:[23, 17, 24]
177:[2, 46, 29, 1]
178:[37, 25, 7, 45]
179:[29, 9, 11]
180:[14, 2, 46, 15]
181:[26, 4, 45, 25]
182:[27, 15, 32, 26]
183:[19, 5, 11]
184:[42, 0]
185:[34, 8, 37, 13]
186:[16, 0, 3, 18]
187:[24, 32, 47, 10]
188:[13, 6, 18, 40]
189:[5, 7, 6, 42]
190:[35, 25, 40]
191:[45, 43, 35, 40]
192:[4, 13, 19]
193:[27, 34, 41, 39]
194:[9, 38, 15, 46]
195:[26, 12, 39]
196:[16, 11, 48, 49]
197:[28, 7, 20, 14]
198:[34, 41, 7, 35]
199:[18, 12, 25, 33]
