60:[35, 27, 45, 0]
61:[8, 5, 43, 49]
62:[17, 31, 41, 34]
63:[24, 18, 40, 42]
64:[33, 0, 28, 10]
65:[36, 8]
66:[2, 25, 12, 6]
67:[17, 22, 34, 2]
68:[33, 14, 35]
69:[4, 46, 16, 33]
70:[36, 21, 6, 24]
71:[39, 8, 35, 18]
72:[14, 4, 15, 34]
73:[6, 44, 49]
74:[4, 5, 9, 16]
75:[31, 48, 11, 39]
76:[3, 0, 4, 20]
77:[23, 12, 41, 43]
78:[47, 3, 41, 27]
79:[18, 19, 26, 7]
80:[38, 49, 6, 26]
81:[14, 48, 7, 47]
82:[40, 5, 43, 49]
83:[9, 28, 22, 45]
84:[6, 32, 47, 38]
85:[42, 14, 16]
86:[22, 8, 37, 49]
87:[15, 18, 0, 3]
88:[8, 24, 45, 27]
89:[0, 21, 12, 18]
90:[14, 9, 4, 13]
91:[15, 7, 25]
92:[45, 5, 11, 2]
93:[33, 22, 28, 42]
94:[6, 40, 0, 7]
95:[38, 9, 30, 16]
96:[39, 17, 21, 36]
97:[18, 7, 27, 3]
98:[38, 0, 49, 10]
99:[41, 34, 27, 4]
