0:[18, 6, 4, 33]
1:[7, 0, 5]
2:[0, 8, 38]
3:[36, 11, 13]
4:[41, 2, 5, 14]
5:[48, 17, 31]
6:[23, 17, 24]
7:[33, 4, 27]
8:[30, 9, 0, 49]
9:[46, 2, 41]
10:[23, 0, 2, 43]
11:[45, 12, 0]
12:[3, 6, 36]
13:[0, 8, 15]
14:[41, 2, 29]
15:[49, 4, 33]
16:[14, 8, 36]
17:[7, 17, 39]
18:[37, 8, 15]
19:[7, 17, 39]
20:[10, 0, 9]
21:[6, 0, 23]
22:[37, 8, 38]
23:[27, 4, 32]
24:[3, 5, 32]
25:[17, 8, 18]
26:[43, 2, 18]
27:[46, 2, 12]
28:[1, 0, 4, 14]
29:[9, 19, 26]
30:[14, 24, 45]
31:[44, 6, 9]
32:[9, 0, 1]
33:[48, 14, 43]
34:[23, 0, 1]
35:[27, 17]
36:[38, 8, 40]
37:[43, 5, 11, 13]
38:[6, 4, 26]
39:[43, 2, 17, 31]
40:[27, 4, 16]
41:[20, 8, 40]
42:[47, 32, 4, 26]
43:[6, 9, 38]
44:[29, 0, 34]
45:[22, 0, 4, 32]
46:[19, 2, 43]
47:[18, 2, 46]
48:[10, 5, 32]
49:[27, 17, 39]
50:[11, 8, 37]
51:[7, 8, 18]
52:[0, 6]
53:[40, 0]
54:[20, 2, 29]
55:[6, 3, 31]
56:[3, 0, 17, 48]
57:[42, 6]
58:[9, 6, 24]
59:[35, 25, 12]
60:[35, 7, 0]
61:[8, 0, 49]
62:[17, 0, 34]
63:[24, 6, 42]
64:[33, 16, 0, 10]
65:[36, 8]
66:[2, 6]
67:[17, 2]
68:[33, 22, 35]
69:[4, 33]
70:[36, 8, 24]
71:[39, 6, 18]
72:[14, 4, 0, 34]
73:[6, 49]
74:[4, 16]
75:[31, 17, 39]
76:[3, 0, 8, 20]
77:[23, 0, 2, 43]
78:[47, 7, 27]
79:[18, 6, 7]
80:[38, 8, 26]
81:[14, 4, 32, 47]
82:[40, 0, 49]
83:[9, 19, 45]
84:[6, 9, 38]
85:[42, 40, 0, 16]
86:[22, 0, 49]
87:[15, 4, 0, 3]
88:[8, 17, 27]
89:[0, 8, 18]
90:[14, 4, 13]
91:[15, 19, 25]
92:[45, 12, 2]
93:[33, 4, 6, 42]
94:[6, 7]
95:[38, 8, 0, 16]
96:[39, 11, 36]
97:[18, 6, 3]
98:[38, 5, 10]
99:[41, 2, 0, 4]
