120:[0, 12, 1, 24]
121:[18, 15, 8, 13]
122:[7, 28, 22, 35]
123:[34, 44, 25, 21]
124:[28, 12, 39, 47]
125:[46, 12, 44, 43]
126:[30, 10]
127:[21, 6, 2, 25]
128:[47, 21, 4, 5]
129:[10, 7, 9, 16]
130:[13, 0, 8, 40]
131:[10, 24, 8, 37]
132:[14, 43, 46, 5]
133:[49, 0, 28, 29]
134:[18, 0, 21, 40]
135:[23, 40, 42, 3]
136:[48, 11, 14, 22]
137:[38, 8, 15, 18]
138:[16, 0, 5, 23]
139:[47, 14, 48, 17]
140:[21, 47]
141:[43, 0, 6, 32]
142:[14, 4, 12, 13]
143:[6, 38, 5, 3]
144:[47, 12, 30, 10]
145:[38, 9, 29, 10]
146:[6, 12, 28, 20]
147:[34, 30, 19, 26]
148:[4, 20, 23]
149:[27, 7, 0, 49]
