160:[25, 44, 42, 9]
161:[14, 8]
162:[30, 2, 42, 40]
163:[43, 7, 27, 4]
164:[45, 34, 44, 38]
165:[17, 0, 10, 37]
166:[14, 5, 2, 43]
167:[40, 7, 20, 45]
168:[30, 24, 45, 23]
169:[32, 7, 9, 11]
170:[19, 9, 30]
171:[15, 3, 31, 16]
172:[1, 29, 45, 7]
173:[7, 12, 28, 15]
174:[33, 24, 14, 48]
175:[8, 29, 47, 46]
176:[23, 0, 22, 24]
177:[2, 8, 20, 1]
178:[37, 4, 46, 45]
179:[29, 6, 36, 11]
180:[14, 4, 15]
181:[26, 22, 49, 25]
182:[27, 8, 24, 26]
183:[19, 12, 39, 11]
184:[42, 37, 13, 0]
185:[34, 7, 28, 13]
186:[16, 9, 19, 18]
187:[24, 30, 10]
188:[13, 37, 40]
189:[5, 12, 10, 42]
190:[35, 18, 15, 40]
191:[45, 14, 48, 40]
192:[4, 26, 31, 19]
193:[27, 9, 29, 39]
194:[9, 7, 43, 46]
195:[26, 11, 21, 39]
196:[16, 12, 1, 49]
197:[28, 8, 6, 14]
198:[34, 2, 8, 35]
199:[18, 48, 12, 33]
