0:[18, 6, 4, 33]
1:[7, 0, 5]
2:[0, 8, 38]
3:[36, 11, 13]
4:[41, 2, 5, 14]
5:[48, 17, 31]
6:[23, 17, 24]
7:[33, 4, 27]
8:[30, 9, 0, 49]
9:[46, 2, 41]
10:[23, 0, 2, 43]
11:[45, 12, 0]
12:[3, 6, 36]
13:[0, 8, 15]
14:[41, 2, 29]
15:[49, 4, 33]
16:[14, 8, 36]
17:[7, 17, 39]
18:[37, 8, 15]
19:[7, 17, 39]
20:[10, 0, 9]
21:[6, 0, 23]
22:[37, 8, 38]
23:[27, 4, 32]
24:[3, 5, 32]
25:[17, 8, 18]
26:[43, 2, 18]
27:[46, 2, 12]
28:[1, 0, 4, 14]
29:[9, 19, 26]
30:[14, 24, 45]
31:[44, 6, 9]
32:[9, 0, 1]
33:[48, 14, 43]
34:[23, 0, 1]
35:[27, 17]
36:[38, 8, 40]
37:[43, 5, 11, 13]
38:[6, 4, 26]
39:[43, 2, 17, 31]
40:[27, 4, 16]
41:[20, 8, 40]
42:[47, 32, 4, 26]
43:[6, 9, 38]
44:[29, 0, 34]
45:[22, 0, 4, 32]
46:[19, 2, 43]
47:[18, 2, 46]
48:[10, 5, 32]
49:[27, 17, 39]
