120:[34, 2, 21]
121:[28, 29, 47]
122:[46, 43]
123:[30, 10]
124:[21, 44, 34, 25]
125:[47, 41, 38, 5]
126:[10, 4, 16]
127:[13, 2, 34, 40]
128:[10, 42, 0, 37]
129:[14, 16, 5]
130:[49, 5, 14, 29]
131:[18, 40]
132:[23, 18, 15, 3]
133:[48, 2, 20, 22]
134:[38, 2, 20, 18]
135:[16, 7, 0, 23]
136:[47, 8, 22, 17]
137:[21, 47]
138:[43, 38, 9, 32]
139:[14, 24, 45, 13]
140:[6, 13, 25, 3]
141:[47, 29, 5, 10]
142:[38, 7, 37, 10]
143:[6, 12, 30, 20]
144:[34, 44, 26]
145:[4, 11, 39, 23]
146:[27, 4, 20, 49]
147:[35, 11, 5, 38]
148:[41, 15, 8, 35]
149:[6, 0, 7, 25]
150:[35, 25, 11, 15]
151:[21, 11, 20, 30]
152:[46, 22, 26, 7]
153:[2, 6, 10, 33]
154:[15, 22, 33, 18]
155:[10, 17, 27, 46]
156:[0, 28, 32, 18]
157:[25, 31, 15, 9]
158:[14, 8]
159:[30, 19, 12, 40]
160:[43, 0, 9, 4]
161:[45, 2, 5, 38]
162:[17, 37]
163:[14, 48, 43]
164:[40, 0, 21, 45]
165:[30, 20, 0, 23]
166:[32, 0, 3, 11]
167:[19, 12, 30]
168:[15, 12, 21, 16]
169:[1, 12, 28, 7]
170:[7, 6, 32, 15]
171:[33, 47, 32, 48]
172:[8, 14, 43, 46]
173:[23, 1, 29, 24]
174:[2, 42, 1]
175:[37, 0, 28, 45]
176:[29, 1, 46, 11]
177:[14, 8, 46, 15]
178:[26, 47, 21, 25]
179:[27, 45, 31, 26]
180:[19, 34, 44, 11]
181:[42, 8, 15, 0]
182:[34, 22, 12, 13]
183:[16, 33, 14, 18]
184:[24, 17, 37, 10]
185:[13, 11, 39, 40]
186:[5, 15, 18, 42]
187:[35, 10, 42, 40]
188:[45, 34, 44, 40]
189:[4, 22, 35, 19]
190:[27, 4, 16, 39]
191:[9, 6, 2, 46]
192:[26, 34, 25, 39]
193:[16, 14, 43, 49]
194:[28, 25, 19, 14]
195:[34, 0, 3, 35]
196:[18, 40, 12, 33]
197:[19, 13, 8, 36]
198:[48, 0, 29, 30]
199:[1, 2, 41, 22]
