120:[34, 25, 11, 21]
121:[28, 7, 16, 47]
122:[46, 9, 29, 43]
123:[30, 10]
124:[21, 7, 28, 25]
125:[47, 21, 38, 5]
126:[10, 12, 48, 16]
127:[13, 46, 11, 40]
128:[10, 30, 13, 37]
129:[14, 43, 46, 5]
130:[49, 25, 12, 29]
131:[18, 43, 46, 40]
132:[23, 19, 5, 3]
133:[48, 28, 7, 22]
134:[38, 22, 34, 18]
135:[16, 8, 24, 23]
136:[47, 6, 44, 17]
137:[21, 18, 29, 47]
138:[43, 41, 6, 32]
139:[14, 0, 28, 13]
140:[6, 36, 18, 3]
141:[47, 25, 31, 10]
142:[38, 2, 30, 10]
143:[6, 3, 7, 20]
144:[34, 7, 8, 26]
145:[4, 23]
146:[27, 7, 1, 49]
147:[35, 44, 25, 38]
148:[41, 18, 15, 35]
149:[6, 13, 25]
