0:[4, 11, 36]
1:[13, 12, 41]
2:[9, 11, 48]
3:[18, 2, 0, 23]
4:[27, 4, 33]
5:[48, 17, 0, 29]
6:[49, 4, 20]
7:[23, 0, 2, 43]
8:[45, 12, 0]
9:[3, 6, 36]
10:[0, 8, 15]
11:[41, 2, 29]
12:[49, 4, 33]
13:[14, 8, 36]
14:[7, 17, 39]
15:[37, 8, 15]
16:[7, 17, 39]
17:[10, 0, 9]
18:[6, 0, 23]
19:[37, 8, 38]
20:[27, 4, 32]
21:[3, 5, 32]
22:[17, 8, 18]
23:[43, 2, 18]
24:[46, 2, 12]
25:[1, 0, 4, 14]
26:[9, 19, 26]
27:[14, 24, 45]
28:[44, 6, 9]
29:[9, 0, 1]
30:[48, 14, 43]
31:[23, 0, 1]
32:[27, 17]
33:[38, 8, 40]
34:[43, 5, 11, 13]
35:[6, 4, 26]
36:[43, 2, 17, 31]
37:[27, 4, 16]
38:[20, 8, 40]
39:[47, 32, 4, 26]
40:[6, 9, 38]
41:[29, 0, 34]
42:[22, 0, 4, 32]
43:[19, 2, 43]
44:[18, 2, 46]
45:[10, 5, 32]
46:[27, 17, 39]
47:[11, 8, 37]
48:[7, 8, 18]
49:[0, 6]
