160:[43, 8, 20, 4]
161:[45, 11, 48, 38]
162:[17, 48, 8, 37]
163:[14, 19, 45, 43]
164:[40, 7, 16, 45]
165:[30, 6, 13, 23]
166:[32, 47, 21, 11]
167:[19, 3, 41, 30]
168:[15, 32, 11, 16]
169:[1, 0, 7]
170:[7, 28, 18, 15]
171:[33, 25, 44, 48]
172:[8, 0, 29, 46]
173:[23, 11, 15, 24]
174:[2, 9, 21, 1]
175:[37, 10, 42, 45]
176:[29, 2, 20, 11]
177:[14, 4, 49, 15]
178:[26, 19, 25]
179:[27, 6, 39, 26]
180:[19, 45, 24, 11]
181:[42, 44, 34, 0]
182:[34, 44, 13]
183:[16, 0, 28, 18]
184:[24, 21, 11, 10]
185:[13, 25, 19, 40]
186:[5, 40, 42]
187:[35, 14, 33, 40]
188:[45, 19, 18, 40]
189:[4, 7, 20, 19]
190:[27, 48, 17, 39]
191:[9, 34, 41, 46]
192:[26, 31, 39]
193:[16, 21, 47, 49]
194:[28, 6, 24, 14]
195:[34, 2, 35]
196:[18, 15, 38, 33]
197:[19, 45, 1, 36]
198:[48, 11, 12, 30]
199:[1, 11, 36, 22]
