0:[4, 11, 36]
1:[13, 12, 41]
2:[9, 11, 48]
3:[18, 2, 0, 23]
4:[27, 4, 33]
5:[48, 17, 0, 29]
6:[49, 4, 20]
7:[23, 0, 2, 43]
8:[45, 12, 0]
9:[3, 6, 36]
10:[0, 8, 15]
11:[41, 2, 29]
12:[49, 4, 33]
13:[14, 8, 36]
14:[7, 17, 39]
15:[37, 8, 15]
16:[7, 17, 39]
17:[10, 0, 9]
18:[6, 0, 23]
19:[37, 8, 38]
20:[27, 4, 32]
21:[3, 5, 32]
22:[17, 8, 18]
23:[43, 2, 18]
24:[46, 2, 12]
25:[1, 0, 4, 14]
26:[9, 19, 26]
27:[14, 24, 45]
28:[44, 6, 9]
29:[9, 0, 1]
30:[48, 14, 43]
31:[23, 0, 1]
32:[27, 17]
33:[38, 8, 40]
34:[43, 5, 11, 13]
35:[6, 4, 26]
36:[43, 2, 17, 31]
37:[27, 4, 16]
38:[20, 8, 40]
39:[47, 32, 4, 26]
40:[6, 9, 38]
41:[29, 0, 34]
42:[22, 0, 4, 32]
43:[19, 2, 43]
44:[18, 2, 46]
45:[10, 5, 32]
46:[27, 17, 39]
47:[11, 8, 37]
48:[7, 8, 18]
49:[0, 6]
50:[40, 0]
51:[20, 2, 29]
52:[6, 3, 31]
53:[3, 0, 17, 48]
54:[42, 6]
55:[9, 6, 24]
56:[35, 25, 12]
57:[35, 7, 0]
58:[8, 0, 49]
59:[17, 0, 34]
60:[24, 6, 42]
61:[33, 16, 0, 10]
62:[36, 8]
63:[2, 6]
64:[17, 2]
65:[33, 22, 35]
66:[4, 33]
67:[36, 8, 24]
68:[39, 6, 18]
69:[14, 4, 0, 34]
70:[6, 49]
71:[4, 16]
72:[31, 17, 39]
73:[3, 0, 8, 20]
74:[23, 0, 2, 43]
75:[47, 7, 27]
76:[18, 6, 7]
77:[38, 8, 26]
78:[14, 4, 32, 47]
79:[40, 0, 49]
80:[9, 19, 45]
81:[6, 9, 38]
82:[42, 40, 0, 16]
83:[22, 0, 49]
84:[15, 4, 0, 3]
85:[8, 17, 27]
86:[0, 8, 18]
87:[14, 4, 13]
88:[15, 19, 25]
89:[45, 12, 2]
90:[33, 4, 6, 42]
91:[6, 7]
92:[38, 8, 0, 16]
93:[39, 11, 36]
94:[18, 6, 3]
95:[38, 5, 10]
96:[41, 2, 0, 4]
97:[20, 8, 17, 31]
98:[40, 8, 26]
99:[49, 0, 5]
