90:[33, 16, 40, 42]
91:[6, 24, 15, 7]
92:[38, 0, 16]
93:[39, 36]
94:[18, 15, 6, 3]
95:[38, 2, 42, 10]
96:[41, 21, 9, 4]
97:[20, 34, 41, 31]
98:[40, 12, 28, 26]
99:[49, 10, 5]
100:[28, 3, 41, 35]
101:[31, 0, 34]
102:[7, 0, 17]
103:[1, 2, 25, 40]
104:[43, 46, 3]
105:[39, 31]
106:[12, 19, 4, 26]
107:[33, 16, 35]
108:[47, 21, 0]
109:[18, 38, 19, 14]
110:[5, 4]
111:[17, 11, 15, 41]
112:[45, 42, 10, 30]
113:[33, 14, 16]
114:[41, 39, 11]
115:[5, 4, 9, 30]
116:[22, 35, 42]
117:[0, 10, 24]
118:[18, 11, 13]
119:[7, 35]
120:[34, 0, 21]
121:[28, 47]
122:[46, 43]
123:[30, 10]
124:[21, 27, 19, 25]
125:[47, 25, 44, 5]
126:[10, 21, 47, 16]
127:[13, 6, 40]
128:[10, 45, 24, 37]
129:[14, 5]
130:[49, 7, 1, 29]
131:[18, 42, 40]
132:[23, 0, 3]
133:[48, 0, 22]
134:[38, 18]
135:[16, 23]
136:[47, 0, 17]
137:[21, 47]
138:[43, 12, 30, 32]
139:[14, 12, 28, 13]
140:[6, 10, 41, 3]
141:[47, 29, 10]
142:[38, 4, 49, 10]
143:[6, 20]
144:[34, 4, 26]
145:[4, 20, 23]
146:[27, 7, 49]
147:[35, 7, 20, 38]
148:[41, 6, 14, 35]
149:[6, 36, 25]
