60:[24, 8, 36, 42]
61:[33, 18, 38, 10]
62:[36, 7, 20, 8]
63:[2, 12, 21, 6]
64:[17, 6, 0, 2]
65:[33, 22, 28, 35]
66:[4, 15, 32, 33]
67:[36, 37, 13, 24]
68:[39, 40, 6, 18]
69:[14, 5, 34]
70:[6, 49]
71:[4, 16]
72:[31, 17, 27, 39]
73:[3, 6, 39, 20]
74:[23, 25, 31, 43]
75:[47, 5, 10, 27]
76:[18, 15, 16, 7]
77:[38, 6, 44, 26]
78:[14, 0, 21, 47]
79:[40, 19, 9, 49]
80:[9, 11, 24, 45]
81:[6, 24, 47, 38]
82:[42, 7, 35, 16]
83:[22, 12, 30, 49]
84:[15, 12, 41, 3]
85:[8, 26, 43, 27]
86:[0, 12, 1, 18]
87:[14, 33, 22, 13]
88:[15, 32, 31, 25]
89:[45, 3, 41, 2]
90:[33, 22, 2, 42]
91:[6, 24, 14, 7]
92:[38, 43, 45, 16]
93:[39, 43, 46, 36]
94:[18, 8, 2, 3]
95:[38, 13, 37, 10]
96:[41, 34, 25, 4]
97:[20, 9, 30, 31]
98:[40, 16, 0, 26]
99:[49, 6, 24, 5]
