0:[46, 2, 30]
1:[30, 9, 0, 49]
2:[48, 14, 16]
3:[26, 4, 32, 47]
4:[24, 17]
5:[22, 8, 15]
6:[49, 6, 39]
7:[19, 12, 39]
8:[26, 8, 0, 10]
9:[38, 8, 7]
10:[13, 4, 32, 47]
11:[18, 6, 4, 33]
12:[7, 0, 5]
13:[0, 8, 38]
14:[36, 11, 13]
15:[41, 2, 5, 14]
16:[48, 17, 31]
17:[23, 17, 24]
18:[33, 4, 27]
19:[30, 9, 0, 49]
20:[46, 2, 41]
21:[23, 0, 2, 43]
22:[45, 12, 0]
23:[3, 6, 36]
24:[0, 8, 15]
25:[41, 2, 29]
26:[49, 4, 33]
27:[14, 8, 36]
28:[7, 17, 39]
29:[37, 8, 15]
30:[7, 17, 39]
31:[10, 0, 9]
32:[6, 0, 23]
33:[37, 8, 38]
34:[27, 4, 32]
35:[3, 5, 32]
36:[17, 8, 18]
37:[43, 2, 18]
38:[46, 2, 12]
39:[1, 0, 4, 14]
40:[9, 19, 26]
41:[14, 24, 45]
42:[44, 6, 9]
43:[9, 0, 1]
44:[48, 14, 43]
45:[23, 0, 1]
46:[27, 17]
47:[38, 8, 40]
48:[43, 5, 11, 13]
49:[6, 4, 26]
50:[43, 2, 17, 31]
51:[27, 4, 16]
52:[20, 8, 40]
53:[47, 32, 4, 26]
54:[6, 9, 38]
55:[29, 0, 34]
56:[22, 0, 4, 32]
57:[19, 2, 43]
58:[18, 2, 46]
59:[10, 5, 32]
60:[27, 17, 39]
61:[11, 8, 37]
62:[7, 8, 18]
63:[0, 6]
64:[40, 0]
65:[20, 2, 29]
66:[6, 3, 31]
67:[3, 0, 17, 48]
68:[42, 6]
69:[9, 6, 24]
70:[35, 25, 12]
71:[35, 7, 0]
72:[8, 0, 49]
73:[17, 0, 34]
74:[24, 6, 42]
75:[33, 16, 0, 10]
76:[36, 8]
77:[2, 6]
78:[17, 2]
79:[33, 22, 35]
80:[4, 33]
81:[36, 8, 24]
82:[39, 6, 18]
83:[14, 4, 0, 34]
84:[6, 49]
85:[4, 16]
86:[31, 17, 39]
87:[3, 0, 8, 20]
88:[23, 0, 2, 43]
89:[47, 7, 27]
90:[18, 6, 7]
91:[38, 8, 26]
92:[14, 4, 32, 47]
93:[40, 0, 49]
94:[9, 19, 45]
95:[6, 9, 38]
96:[42, 40, 0, 16]
97:[22, 0, 49]
98:[15, 4, 0, 3]
99:[8, 17, 27]
