160:[27, 1, 49]
161:[35, 2, 20, 38]
162:[41, 18, 35]
163:[6, 25]
164:[35, 4, 15]
165:[21, 5, 30]
166:[46, 7]
167:[2, 0, 33]
168:[15, 18]
169:[10, 18, 15, 46]
170:[0, 34, 44, 18]
171:[25, 9]
172:[14, 8]
173:[30, 40]
174:[43, 4]
175:[45, 8, 36, 38]
176:[17, 0, 3, 37]
177:[14, 48, 10, 43]
178:[40, 45]
179:[30, 23]
180:[32, 11]
181:[19, 7, 30]
182:[15, 16]
183:[1, 0, 7]
184:[7, 15]
185:[33, 48]
186:[8, 46]
187:[23, 24]
188:[2, 1]
189:[37, 34, 44, 45]
190:[29, 11]
191:[14, 15]
192:[26, 19, 25]
193:[27, 0, 21, 26]
194:[19, 11]
195:[42, 21, 0]
196:[34, 13]
197:[16, 6, 18]
198:[24, 10]
199:[13, 20, 40]
