0:[46, 2, 30]
1:[30, 9, 0, 49]
2:[48, 14, 16]
3:[26, 4, 32, 47]
4:[24, 17]
5:[22, 8, 15]
6:[49, 6, 39]
7:[19, 12, 39]
8:[26, 8, 0, 10]
9:[38, 8, 7]
10:[13, 4, 32, 47]
11:[18, 6, 4, 33]
12:[7, 0, 5]
13:[0, 8, 38]
14:[36, 11, 13]
15:[41, 2, 5, 14]
16:[48, 17, 31]
17:[23, 17, 24]
18:[33, 4, 27]
19:[30, 9, 0, 49]
20:[46, 2, 41]
21:[23, 0, 2, 43]
22:[45, 12, 0]
23:[3, 6, 36]
24:[0, 8, 15]
25:[41, 2, 29]
26:[49, 4, 33]
27:[14, 8, 36]
28:[7, 17, 39]
29:[37, 8, 15]
30:[7, 17, 39]
31:[10, 0, 9]
32:[6, 0, 23]
33:[37, 8, 38]
34:[27, 4, 32]
35:[3, 5, 32]
36:[17, 8, 18]
37:[43, 2, 18]
38:[46, 2, 12]
39:[1, 0, 4, 14]
40:[9, 19, 26]
41:[14, 24, 45]
42:[44, 6, 9]
43:[9, 0, 1]
44:[48, 14, 43]
45:[23, 0, 1]
46:[27, 17]
47:[38, 8, 40]
48:[43, 5, 11, 13]
49:[6, 4, 26]
50:[43, 2, 17, 31]
51:[27, 4, 16]
52:[20, 8, 40]
53:[47, 32, 4, 26]
54:[6, 9, 38]
55:[29, 0, 34]
56:[22, 0, 4, 32]
57:[19, 2, 43]
58:[18, 2, 46]
59:[10, 5, 32]
60:[27, 17, 39]
61:[11, 8, 37]
62:[7, 8, 18]
63:[0, 6]
64:[40, 0]
65:[20, 2, 29]
66:[6, 3, 31]
67:[3, 0, 17, 48]
68:[42, 6]
69:[9, 6, 24]
70:[35, 25, 12]
71:[35, 7, 0]
72:[8, 0, 49]
73:[17, 0, 34]
74:[24, 6, 42]
75:[33, 16, 0, 10]
76:[36, 8]
77:[2, 6]
78:[17, 2]
79:[33, 22, 35]
80:[4, 33]
81:[36, 8, 24]
82:[39, 6, 18]
83:[14, 4, 0, 34]
84:[6, 49]
85:[4, 16]
86:[31, 17, 39]
87:[3, 0, 8, 20]
88:[23, 0, 2, 43]
89:[47, 7, 27]
90:[18, 6, 7]
91:[38, 8, 26]
92:[14, 4, 32, 47]
93:[40, 0, 49]
94:[9, 19, 45]
95:[6, 9, 38]
96:[42, 40, 0, 16]
97:[22, 0, 49]
98:[15, 4, 0, 3]
99:[8, 17, 27]
100:[0, 8, 18]
101:[14, 4, 13]
102:[15, 19, 25]
103:[45, 12, 2]
104:[33, 4, 6, 42]
105:[6, 7]
106:[38, 8, 0, 16]
107:[39, 11, 36]
108:[18, 6, 3]
109:[38, 5, 10]
110:[41, 2, 0, 4]
111:[20, 8, 17, 31]
112:[40, 8, 26]
113:[49, 0, 5]
114:[28, 22, 35]
115:[31, 25, 34]
116:[7, 17]
117:[1, 0, 40]
118:[43, 5, 3]
119:[39, 17, 31]
120:[12, 19, 26]
121:[33, 22, 35]
122:[47, 7, 0]
123:[18, 8, 14]
124:[5, 4]
125:[17, 2, 41]
126:[45, 12, 30]
127:[33, 16]
128:[41, 2, 5, 11]
129:[5, 9, 30]
130:[22, 0, 40, 42]
131:[0, 8, 24]
132:[18, 6, 13]
133:[7, 35]
134:[34, 0, 21]
135:[28, 7, 47]
136:[46, 43]
137:[30, 10]
138:[21, 12, 25]
139:[47, 32, 5]
140:[10, 0, 16]
141:[13, 12, 40]
142:[10, 7, 37]
143:[14, 5]
144:[49, 0, 29]
145:[18, 40]
146:[23, 0, 3]
147:[48, 17, 22]
148:[38, 18]
149:[16, 0, 23]
150:[47, 7, 17]
151:[21, 47]
152:[43, 5, 32]
153:[14, 4, 13]
154:[6, 3]
155:[47, 7, 10]
156:[38, 5, 10]
157:[6, 2, 20]
158:[34, 22, 26]
159:[4, 23]
160:[27, 4, 49]
161:[35, 8, 38]
162:[41, 2, 8, 35]
163:[6, 2, 25]
164:[35, 8, 15]
165:[21, 9, 30]
166:[46, 4, 7]
167:[2, 0, 16, 33]
168:[15, 18]
169:[10, 5, 11, 46]
170:[0, 8, 18]
171:[25, 7, 9]
172:[14, 8]
173:[30, 12, 40]
174:[43, 5, 4]
175:[45, 24, 8, 38]
176:[17, 37]
177:[14, 43]
178:[40, 12, 45]
179:[30, 9, 0, 23]
180:[32, 4, 11]
181:[19, 9, 30]
182:[15, 4, 16]
183:[1, 7]
184:[7, 8, 15]
185:[33, 14, 48]
186:[8, 11, 46]
187:[23, 17, 24]
188:[2, 0, 1]
189:[37, 8, 24, 45]
190:[29, 9, 11]
191:[14, 8, 15]
192:[26, 19, 25]
193:[27, 4, 26]
194:[19, 9, 11]
195:[42, 2, 0]
196:[34, 0, 4, 13]
197:[16, 0, 2, 18]
198:[24, 8, 0, 10]
199:[13, 12, 40]
