120:[12, 44, 26]
121:[33, 14, 4, 35]
122:[47, 6, 36, 0]
123:[18, 15, 14]
124:[5, 4]
125:[17, 2, 41]
126:[45, 9, 21, 30]
127:[33, 11, 46, 16]
128:[41, 9, 30, 11]
129:[5, 30]
130:[22, 34, 10, 42]
131:[0, 22, 13, 24]
132:[18, 21, 36, 13]
133:[7, 35]
134:[34, 5, 47, 21]
135:[28, 12, 47]
136:[46, 22, 28, 43]
137:[30, 34, 25, 10]
138:[21, 47, 32, 25]
139:[47, 40, 5]
140:[10, 16]
141:[13, 11, 14, 40]
142:[10, 7, 37]
143:[14, 5]
144:[49, 2, 9, 29]
145:[18, 8, 20, 40]
146:[23, 3]
147:[48, 4, 20, 22]
148:[38, 2, 30, 18]
149:[16, 23]
