60:[27, 2, 41, 39]
61:[11, 36, 9, 37]
62:[7, 20, 1, 18]
63:[0, 5, 6]
64:[40, 42, 2, 0]
65:[20, 7, 47, 29]
66:[6, 25, 34, 31]
67:[3, 42, 40, 48]
68:[42, 9, 11, 6]
69:[9, 19, 25, 24]
70:[35, 16, 33, 12]
71:[35, 22, 34, 0]
72:[8, 22, 49]
73:[17, 37, 41, 34]
74:[24, 14, 6, 42]
75:[33, 14, 24, 10]
76:[36, 14, 48, 8]
77:[2, 46, 44, 6]
78:[17, 31, 3, 2]
79:[33, 8, 35]
80:[4, 6, 49, 33]
81:[36, 8, 15, 24]
82:[39, 20, 8, 18]
83:[14, 9, 30, 34]
84:[6, 44, 49]
85:[4, 7, 16]
86:[31, 26, 7, 39]
87:[3, 31, 25, 20]
88:[23, 5, 43]
89:[47, 21, 18, 27]
90:[18, 29, 1, 7]
91:[38, 9, 11, 26]
92:[14, 24, 47]
93:[40, 5, 12, 49]
94:[9, 24, 45]
95:[6, 13, 12, 38]
96:[42, 10, 16]
97:[22, 19, 15, 49]
98:[15, 19, 39, 3]
99:[8, 7, 35, 27]
