90:[18, 19, 47, 7]
91:[38, 30, 26]
92:[14, 47]
93:[40, 23, 19, 49]
94:[9, 28, 27, 45]
95:[6, 7, 38]
96:[42, 7, 20, 16]
97:[22, 28, 49]
98:[15, 1, 3]
99:[8, 20, 27]
100:[0, 21, 18]
101:[14, 13]
102:[15, 14, 48, 25]
103:[45, 37, 2]
104:[33, 42]
105:[6, 7]
106:[38, 16]
107:[39, 16, 14, 36]
108:[18, 0, 3]
109:[38, 2, 34, 10]
110:[41, 11, 4]
111:[20, 8, 26, 31]
112:[40, 12, 44, 26]
113:[49, 1, 5]
114:[28, 1, 22, 35]
115:[31, 34]
116:[7, 17]
117:[1, 40]
118:[43, 2, 3]
119:[39, 7, 47, 31]
120:[12, 13, 0, 26]
121:[33, 35]
122:[47, 28, 12, 0]
123:[18, 43, 14]
124:[5, 4]
125:[17, 0, 41]
126:[45, 9, 30]
127:[33, 16]
128:[41, 46, 13, 11]
129:[5, 30]
130:[22, 2, 46, 42]
131:[0, 1, 6, 24]
132:[18, 15, 2, 13]
133:[7, 35]
134:[34, 0, 21]
135:[28, 22, 33, 47]
136:[46, 43]
137:[30, 0, 10]
138:[21, 44, 25]
139:[47, 12, 41, 5]
140:[10, 16]
141:[13, 11, 15, 40]
142:[10, 42, 13, 37]
143:[14, 27, 45, 5]
144:[49, 0, 29]
145:[18, 40]
146:[23, 0, 28, 3]
147:[48, 2, 22]
148:[38, 7, 37, 18]
149:[16, 23]
