120:[12, 0, 26]
121:[33, 0, 31, 35]
122:[47, 19, 1, 0]
123:[18, 0, 14]
124:[5, 0, 4]
125:[17, 2, 41]
126:[45, 2, 30]
127:[33, 17, 39, 16]
128:[41, 0, 11]
129:[5, 14, 30]
130:[22, 2, 25, 42]
131:[0, 1, 24]
132:[18, 36, 11, 13]
133:[7, 24, 38, 35]
134:[34, 0, 21]
135:[28, 21, 36, 47]
136:[46, 24, 43]
137:[30, 10]
138:[21, 23, 25]
139:[47, 6, 29, 5]
140:[10, 0, 16]
141:[13, 7, 28, 40]
142:[10, 6, 37]
143:[14, 11, 39, 5]
144:[49, 35, 25, 29]
145:[18, 40]
146:[23, 25, 35, 3]
147:[48, 32, 47, 22]
148:[38, 17, 48, 18]
149:[16, 23]
150:[47, 17]
151:[21, 0, 47]
152:[43, 10, 32]
153:[14, 0, 13]
154:[6, 0, 3]
155:[47, 0, 3, 10]
156:[38, 32, 47, 10]
157:[6, 12, 28, 20]
158:[34, 1, 29, 26]
159:[4, 0, 23]
160:[27, 0, 49]
161:[35, 38]
162:[41, 0, 35]
163:[6, 25]
164:[35, 10, 9, 15]
165:[21, 30]
166:[46, 9, 7]
167:[2, 49, 33]
168:[15, 13, 45, 18]
169:[10, 41, 46]
170:[0, 29, 9, 18]
171:[25, 21, 11, 9]
172:[14, 6, 8]
173:[30, 8, 40]
174:[43, 0, 4]
175:[45, 2, 46, 38]
176:[17, 4, 37]
177:[14, 19, 44, 43]
178:[40, 45]
179:[30, 39, 23]
180:[32, 11]
181:[19, 38, 36, 30]
182:[15, 37, 16]
183:[1, 17, 37, 7]
184:[7, 0, 15]
185:[33, 0, 48]
186:[8, 47, 21, 46]
187:[23, 6, 24]
188:[2, 0, 1]
189:[37, 0, 45]
190:[29, 22, 11]
191:[14, 48, 42, 15]
192:[26, 39, 41, 25]
193:[27, 19, 12, 26]
194:[19, 4, 0, 11]
195:[42, 47, 29, 0]
196:[34, 4, 13]
197:[16, 6, 44, 18]
198:[24, 2, 20, 10]
199:[13, 0, 40]
