0:[18, 8, 0, 10]
1:[24, 6]
2:[34, 0, 8, 37]
3:[27, 4, 32]
4:[3, 5, 32]
5:[17, 8, 18]
6:[43, 2, 18]
7:[46, 2, 12]
8:[1, 0, 4, 14]
9:[9, 19, 26]
10:[14, 24, 45]
11:[44, 6, 9]
12:[9, 0, 1]
13:[48, 14, 43]
14:[23, 0, 1]
15:[27, 17]
16:[38, 8, 40]
17:[43, 5, 11, 13]
18:[6, 4, 26]
19:[43, 2, 17, 31]
20:[27, 4, 16]
21:[20, 8, 40]
22:[47, 32, 4, 26]
23:[6, 9, 38]
24:[29, 0, 34]
25:[22, 0, 4, 32]
26:[19, 2, 43]
27:[18, 2, 46]
28:[10, 5, 32]
29:[27, 17, 39]
30:[11, 8, 37]
31:[7, 8, 18]
32:[0, 6]
33:[40, 0]
34:[20, 2, 29]
35:[6, 3, 31]
36:[3, 0, 17, 48]
37:[42, 6]
38:[9, 6, 24]
39:[35, 25, 12]
40:[35, 7, 0]
41:[8, 0, 49]
42:[17, 0, 34]
43:[24, 6, 42]
44:[33, 16, 0, 10]
45:[36, 8]
46:[2, 6]
47:[17, 2]
48:[33, 22, 35]
49:[4, 33]
