90:[33, 35]
91:[47, 21, 0]
92:[18, 28, 12, 14]
93:[5, 22, 26, 4]
94:[17, 48, 41]
95:[45, 12, 9, 30]
96:[33, 16]
97:[41, 12, 48, 11]
98:[5, 34, 41, 30]
99:[22, 18, 2, 42]
100:[0, 6, 9, 24]
101:[18, 6, 49, 13]
102:[7, 1, 10, 35]
103:[34, 44, 4, 21]
104:[28, 16, 0, 47]
105:[46, 36, 21, 43]
106:[30, 10]
107:[21, 47, 25]
108:[47, 10, 30, 5]
109:[10, 11, 39, 16]
110:[13, 37, 42, 40]
111:[10, 1, 12, 37]
112:[14, 24, 5]
113:[49, 0, 23, 29]
114:[18, 0, 29, 40]
115:[23, 17, 31, 3]
116:[48, 11, 13, 22]
117:[38, 0, 40, 18]
118:[16, 7, 25, 23]
119:[47, 12, 41, 17]
120:[21, 47]
121:[43, 1, 5, 32]
122:[14, 48, 12, 13]
123:[6, 12, 28, 3]
124:[47, 19, 15, 10]
125:[38, 22, 28, 10]
126:[6, 0, 4, 20]
127:[34, 0, 21, 26]
128:[4, 35, 25, 23]
129:[27, 17, 22, 49]
130:[35, 22, 28, 38]
131:[41, 2, 6, 35]
132:[6, 13, 4, 25]
133:[35, 18, 8, 15]
134:[21, 4, 20, 30]
135:[46, 8, 35, 7]
136:[2, 29, 33]
137:[15, 4, 38, 18]
138:[10, 30, 46]
139:[0, 23, 18]
140:[25, 44, 9]
141:[14, 33, 8]
142:[30, 4, 46, 40]
143:[43, 14, 5, 4]
144:[45, 0, 3, 38]
145:[17, 11, 13, 37]
146:[14, 43]
147:[40, 26, 19, 45]
148:[30, 16, 33, 23]
149:[32, 4, 46, 11]
