120:[21, 0, 29, 47]
121:[43, 28, 22, 32]
122:[14, 2, 12, 13]
123:[6, 36, 8, 3]
124:[47, 21, 12, 10]
125:[38, 22, 28, 10]
126:[6, 3, 16, 20]
127:[34, 44, 22, 26]
128:[4, 23]
129:[27, 0, 10, 49]
130:[35, 19, 9, 38]
131:[41, 36, 8, 35]
132:[6, 4, 19, 25]
133:[35, 12, 21, 15]
134:[21, 7, 28, 30]
135:[46, 44, 25, 7]
136:[2, 20, 42, 33]
137:[15, 11, 39, 18]
138:[10, 25, 44, 46]
139:[0, 2, 20, 18]
140:[25, 19, 26, 9]
141:[14, 0, 29, 8]
142:[30, 9, 40]
143:[43, 34, 41, 4]
144:[45, 2, 42, 38]
145:[17, 48, 37]
146:[14, 24, 45, 43]
147:[40, 21, 36, 45]
148:[30, 4, 46, 23]
149:[32, 15, 39, 11]
