160:[14, 21, 36, 15]
161:[26, 19, 15, 25]
162:[27, 33, 22, 26]
163:[19, 36, 11]
164:[42, 11, 36, 0]
165:[34, 44, 26, 13]
166:[16, 0, 29, 18]
167:[24, 8, 0, 10]
168:[13, 7, 0, 40]
169:[5, 9, 3, 42]
170:[35, 2, 20, 40]
171:[45, 24, 0, 40]
172:[4, 46, 12, 19]
173:[27, 17, 39]
174:[9, 15, 11, 46]
175:[26, 4, 32, 39]
176:[16, 14, 48, 49]
177:[28, 25, 31, 14]
178:[34, 47, 21, 35]
179:[18, 12, 28, 33]
180:[19, 12, 44, 36]
181:[48, 9, 15, 30]
182:[1, 12, 41, 22]
183:[28, 29, 47, 42]
184:[43, 17, 28, 12]
185:[37, 8, 6, 3]
186:[40, 4, 13, 36]
187:[45, 27, 21, 17]
188:[42, 22, 33, 26]
189:[21, 0, 34, 44]
190:[20, 48, 14, 26]
191:[36, 0, 29, 38]
192:[24, 11, 48, 26]
193:[4, 47, 21, 49]
194:[47, 6, 42, 8]
195:[20, 7, 34, 44]
196:[41, 8, 20, 29]
197:[2, 11, 39, 5]
198:[19, 24, 6, 2]
199:[7, 47, 32, 15]
