60:[38, 0, 7, 26]
61:[14, 9, 29, 47]
62:[40, 3, 41, 49]
63:[9, 0, 28, 45]
64:[6, 42, 9, 38]
65:[42, 12, 45, 16]
66:[22, 5, 38, 49]
67:[15, 11, 31, 3]
68:[8, 10, 30, 27]
69:[0, 10, 7, 18]
70:[14, 10, 5, 13]
71:[15, 7, 22, 25]
72:[45, 19, 2]
73:[33, 0, 21, 42]
74:[6, 9, 21, 7]
75:[38, 18, 40, 16]
76:[39, 8, 26, 36]
77:[18, 12, 0, 3]
78:[38, 22, 35, 10]
79:[41, 0, 29, 4]
80:[20, 4, 13, 31]
81:[40, 4, 13, 26]
82:[49, 17, 39, 5]
83:[28, 12, 41, 35]
84:[31, 2, 20, 34]
85:[7, 11, 36, 17]
86:[1, 17, 24, 40]
87:[43, 12, 28, 3]
88:[39, 4, 46, 31]
89:[12, 44, 0, 26]
90:[33, 4, 49, 35]
91:[47, 4, 23, 0]
92:[18, 15, 16, 14]
93:[5, 11, 13, 4]
94:[17, 19, 15, 41]
95:[45, 12, 30]
96:[33, 16]
97:[41, 12, 48, 11]
98:[5, 9, 19, 30]
99:[22, 12, 1, 42]
