0:[18, 8, 0, 10]
1:[24, 6]
2:[34, 0, 8, 37]
3:[27, 4, 32]
4:[3, 5, 32]
5:[17, 8, 18]
6:[43, 2, 18]
7:[46, 2, 12]
8:[1, 0, 4, 14]
9:[9, 19, 26]
10:[14, 24, 45]
11:[44, 6, 9]
12:[9, 0, 1]
13:[48, 14, 43]
14:[23, 0, 1]
15:[27, 17]
16:[38, 8, 40]
17:[43, 5, 11, 13]
18:[6, 4, 26]
19:[43, 2, 17, 31]
20:[27, 4, 16]
21:[20, 8, 40]
22:[47, 32, 4, 26]
23:[6, 9, 38]
24:[29, 0, 34]
25:[22, 0, 4, 32]
26:[19, 2, 43]
27:[18, 2, 46]
28:[10, 5, 32]
29:[27, 17, 39]
30:[11, 8, 37]
31:[7, 8, 18]
32:[0, 6]
33:[40, 0]
34:[20, 2, 29]
35:[6, 3, 31]
36:[3, 0, 17, 48]
37:[42, 6]
38:[9, 6, 24]
39:[35, 25, 12]
40:[35, 7, 0]
41:[8, 0, 49]
42:[17, 0, 34]
43:[24, 6, 42]
44:[33, 16, 0, 10]
45:[36, 8]
46:[2, 6]
47:[17, 2]
48:[33, 22, 35]
49:[4, 33]
50:[36, 8, 24]
51:[39, 6, 18]
52:[14, 4, 0, 34]
53:[6, 49]
54:[4, 16]
55:[31, 17, 39]
56:[3, 0, 8, 20]
57:[23, 0, 2, 43]
58:[47, 7, 27]
59:[18, 6, 7]
60:[38, 8, 26]
61:[14, 4, 32, 47]
62:[40, 0, 49]
63:[9, 19, 45]
64:[6, 9, 38]
65:[42, 40, 0, 16]
66:[22, 0, 49]
67:[15, 4, 0, 3]
68:[8, 17, 27]
69:[0, 8, 18]
70:[14, 4, 13]
71:[15, 19, 25]
72:[45, 12, 2]
73:[33, 4, 6, 42]
74:[6, 7]
75:[38, 8, 0, 16]
76:[39, 11, 36]
77:[18, 6, 3]
78:[38, 5, 10]
79:[41, 2, 0, 4]
80:[20, 8, 17, 31]
81:[40, 8, 26]
82:[49, 0, 5]
83:[28, 22, 35]
84:[31, 25, 34]
85:[7, 17]
86:[1, 0, 40]
87:[43, 5, 3]
88:[39, 17, 31]
89:[12, 19, 26]
90:[33, 22, 35]
91:[47, 7, 0]
92:[18, 8, 14]
93:[5, 4]
94:[17, 2, 41]
95:[45, 12, 30]
96:[33, 16]
97:[41, 2, 5, 11]
98:[5, 9, 30]
99:[22, 0, 40, 42]
100:[0, 8, 24]
101:[18, 6, 13]
102:[7, 35]
103:[34, 0, 21]
104:[28, 7, 47]
105:[46, 43]
106:[30, 10]
107:[21, 12, 25]
108:[47, 32, 5]
109:[10, 0, 16]
110:[13, 12, 40]
111:[10, 7, 37]
112:[14, 5]
113:[49, 0, 29]
114:[18, 40]
115:[23, 0, 3]
116:[48, 17, 22]
117:[38, 18]
118:[16, 0, 23]
119:[47, 7, 17]
120:[21, 47]
121:[43, 5, 32]
122:[14, 4, 13]
123:[6, 3]
124:[47, 7, 10]
125:[38, 5, 10]
126:[6, 2, 20]
127:[34, 22, 26]
128:[4, 23]
129:[27, 4, 49]
130:[35, 8, 38]
131:[41, 2, 8, 35]
132:[6, 2, 25]
133:[35, 8, 15]
134:[21, 9, 30]
135:[46, 4, 7]
136:[2, 0, 16, 33]
137:[15, 18]
138:[10, 5, 11, 46]
139:[0, 8, 18]
140:[25, 7, 9]
141:[14, 8]
142:[30, 12, 40]
143:[43, 5, 4]
144:[45, 24, 8, 38]
145:[17, 37]
146:[14, 43]
147:[40, 12, 45]
148:[30, 9, 0, 23]
149:[32, 4, 11]
