120:[21, 47]
121:[43, 17, 48, 32]
122:[14, 48, 13]
123:[6, 36, 3]
124:[47, 21, 0, 10]
125:[38, 25, 44, 10]
126:[6, 7, 20]
127:[34, 44, 40, 26]
128:[4, 11, 27, 23]
129:[27, 25, 34, 49]
130:[35, 9, 29, 38]
131:[41, 4, 33, 35]
132:[6, 44, 19, 25]
133:[35, 13, 37, 15]
134:[21, 3, 41, 30]
135:[46, 11, 31, 7]
136:[2, 41, 33]
137:[15, 19, 40, 18]
138:[10, 1, 41, 46]
139:[0, 7, 9, 18]
140:[25, 19, 9]
141:[14, 11, 17, 8]
142:[30, 9, 40]
143:[43, 16, 33, 4]
144:[45, 27, 4, 38]
145:[17, 39, 37]
146:[14, 11, 46, 43]
147:[40, 4, 23, 45]
148:[30, 45, 19, 23]
149:[32, 30, 12, 11]
150:[19, 25, 30]
151:[15, 4, 0, 16]
152:[1, 6, 42, 7]
153:[7, 10, 30, 15]
154:[33, 45, 24, 48]
155:[8, 20, 1, 46]
156:[23, 43, 49, 24]
157:[2, 0, 1]
158:[37, 25, 35, 45]
159:[29, 25, 31, 11]
160:[14, 7, 6, 15]
161:[26, 31, 25]
162:[27, 19, 26]
163:[19, 45, 11]
164:[42, 7, 35, 0]
165:[34, 9, 15, 13]
166:[16, 33, 18]
167:[24, 22, 7, 10]
168:[13, 7, 9, 40]
169:[5, 26, 6, 42]
170:[35, 12, 40]
171:[45, 37, 13, 40]
172:[4, 15, 19]
173:[27, 32, 47, 39]
174:[9, 36, 43, 46]
175:[26, 4, 6, 39]
176:[16, 14, 24, 49]
177:[28, 9, 30, 14]
178:[34, 6, 32, 35]
179:[18, 0, 28, 33]
180:[19, 6, 36]
181:[48, 26, 31, 30]
182:[1, 29, 0, 22]
183:[28, 6, 13, 42]
184:[43, 46, 12]
185:[37, 8, 5, 3]
186:[40, 18, 9, 36]
187:[45, 12, 21, 17]
188:[42, 45, 24, 26]
189:[21, 8, 37, 44]
190:[20, 7, 8, 26]
191:[36, 5, 43, 38]
192:[24, 45, 34, 26]
193:[4, 15, 49]
194:[47, 23, 4, 8]
195:[20, 36, 21, 44]
196:[41, 38, 9, 29]
197:[2, 5]
198:[19, 0, 29, 2]
199:[7, 20, 11, 15]
