0:[4, 1, 5, 6]
1:[6, 5, 4, 0]
2:[5, 1, 2, 7]
3:[4]
4:[4]
5:[5, 3, 1]
0:[[4], [1], [5], [6], [4, 1], [4, 5], [4, 6], [1, 5], [1, 6], [5, 6], [4, 1, 5], [4, 1, 6], [4, 5, 6], [1, 5, 6], [4, 1, 5, 6]]
1:[[6], [5], [4], [0], [6, 5], [6, 4], [6, 0], [5, 4], [5, 0], [4, 0], [6, 5, 4], [6, 5, 0], [6, 4, 0], [5, 4, 0], [6, 5, 4, 0]]
2:[[5], [1], [2], [7], [5, 1], [5, 2], [5, 7], [1, 2], [1, 7], [2, 7], [5, 1, 2], [5, 1, 7], [5, 2, 7], [1, 2, 7], [5, 1, 2, 7]]
3:[[4]]
4:[[4]]
5:[[5], [3], [1], [5, 3], [5, 1], [3, 1], [5, 3, 1]]
