90:[14, 4, 7, 47]
91:[40, 42, 0, 49]
92:[9, 0, 29, 45]
93:[6, 44, 15, 38]
94:[42, 43, 5, 16]
95:[22, 28, 12, 49]
96:[15, 12, 41, 3]
97:[8, 22, 28, 27]
98:[0, 25, 44, 18]
99:[14, 48, 37, 13]
100:[15, 11, 39, 25]
101:[45, 19, 15, 2]
102:[33, 0, 28, 42]
103:[6, 42, 25, 7]
104:[38, 8, 37, 16]
105:[39, 11, 21, 36]
106:[18, 38, 9, 3]
107:[38, 8, 20, 10]
108:[41, 25, 35, 4]
109:[20, 4, 13, 31]
110:[40, 12, 48, 26]
111:[49, 43, 46, 5]
112:[28, 43, 38, 35]
113:[31, 3, 41, 34]
114:[7, 20, 12, 17]
115:[1, 7, 22, 40]
116:[43, 11, 36, 3]
117:[39, 7, 47, 31]
118:[12, 7, 25, 26]
119:[33, 25, 31, 35]
120:[47, 32, 11, 0]
121:[18, 43, 46, 14]
122:[5, 11, 27, 4]
123:[17, 24, 45, 41]
124:[45, 1, 29, 30]
125:[33, 16]
126:[41, 10, 30, 11]
127:[5, 9, 15, 30]
128:[22, 44, 12, 42]
129:[0, 10, 8, 24]
130:[18, 6, 39, 13]
131:[7, 1, 25, 35]
132:[34, 41, 0, 21]
133:[28, 22, 8, 47]
134:[46, 43]
135:[30, 2, 0, 10]
136:[21, 12, 19, 25]
137:[47, 21, 8, 5]
138:[10, 30, 16]
139:[13, 37, 0, 40]
140:[10, 9, 13, 37]
141:[14, 24, 0, 5]
142:[49, 0, 21, 29]
143:[18, 40]
144:[23, 16, 0, 3]
145:[48, 10, 30, 22]
146:[38, 18]
147:[16, 2, 34, 23]
148:[47, 8, 26, 17]
149:[21, 47]
