0:[49, 6, 24]
1:[0, 8, 26]
2:[24, 17]
3:[22, 8, 15]
4:[49, 6, 39]
5:[19, 12, 39]
6:[26, 8, 0, 10]
7:[38, 8, 7]
8:[13, 4, 32, 47]
9:[18, 6, 4, 33]
10:[7, 0, 5]
11:[0, 8, 38]
12:[36, 11, 13]
13:[41, 2, 5, 14]
14:[48, 17, 31]
15:[23, 17, 24]
16:[33, 4, 27]
17:[30, 9, 0, 49]
18:[46, 2, 41]
19:[23, 0, 2, 43]
20:[45, 12, 0]
21:[3, 6, 36]
22:[0, 8, 15]
23:[41, 2, 29]
24:[49, 4, 33]
25:[14, 8, 36]
26:[7, 17, 39]
27:[37, 8, 15]
28:[7, 17, 39]
29:[10, 0, 9]
30:[6, 0, 23]
31:[37, 8, 38]
32:[27, 4, 32]
33:[3, 5, 32]
34:[17, 8, 18]
35:[43, 2, 18]
36:[46, 2, 12]
37:[1, 0, 4, 14]
38:[9, 19, 26]
39:[14, 24, 45]
40:[44, 6, 9]
41:[9, 0, 1]
42:[48, 14, 43]
43:[23, 0, 1]
44:[27, 17]
45:[38, 8, 40]
46:[43, 5, 11, 13]
47:[6, 4, 26]
48:[43, 2, 17, 31]
49:[27, 4, 16]
50:[20, 8, 40]
51:[47, 32, 4, 26]
52:[6, 9, 38]
53:[29, 0, 34]
54:[22, 0, 4, 32]
55:[19, 2, 43]
56:[18, 2, 46]
57:[10, 5, 32]
58:[27, 17, 39]
59:[11, 8, 37]
60:[7, 8, 18]
61:[0, 6]
62:[40, 0]
63:[20, 2, 29]
64:[6, 3, 31]
65:[3, 0, 17, 48]
66:[42, 6]
67:[9, 6, 24]
68:[35, 25, 12]
69:[35, 7, 0]
70:[8, 0, 49]
71:[17, 0, 34]
72:[24, 6, 42]
73:[33, 16, 0, 10]
74:[36, 8]
75:[2, 6]
76:[17, 2]
77:[33, 22, 35]
78:[4, 33]
79:[36, 8, 24]
80:[39, 6, 18]
81:[14, 4, 0, 34]
82:[6, 49]
83:[4, 16]
84:[31, 17, 39]
85:[3, 0, 8, 20]
86:[23, 0, 2, 43]
87:[47, 7, 27]
88:[18, 6, 7]
89:[38, 8, 26]
90:[14, 4, 32, 47]
91:[40, 0, 49]
92:[9, 19, 45]
93:[6, 9, 38]
94:[42, 40, 0, 16]
95:[22, 0, 49]
96:[15, 4, 0, 3]
97:[8, 17, 27]
98:[0, 8, 18]
99:[14, 4, 13]
100:[15, 19, 25]
101:[45, 12, 2]
102:[33, 4, 6, 42]
103:[6, 7]
104:[38, 8, 0, 16]
105:[39, 11, 36]
106:[18, 6, 3]
107:[38, 5, 10]
108:[41, 2, 0, 4]
109:[20, 8, 17, 31]
110:[40, 8, 26]
111:[49, 0, 5]
112:[28, 22, 35]
113:[31, 25, 34]
114:[7, 17]
115:[1, 0, 40]
116:[43, 5, 3]
117:[39, 17, 31]
118:[12, 19, 26]
119:[33, 22, 35]
120:[47, 7, 0]
121:[18, 8, 14]
122:[5, 4]
123:[17, 2, 41]
124:[45, 12, 30]
125:[33, 16]
126:[41, 2, 5, 11]
127:[5, 9, 30]
128:[22, 0, 40, 42]
129:[0, 8, 24]
130:[18, 6, 13]
131:[7, 35]
132:[34, 0, 21]
133:[28, 7, 47]
134:[46, 43]
135:[30, 10]
136:[21, 12, 25]
137:[47, 32, 5]
138:[10, 0, 16]
139:[13, 12, 40]
140:[10, 7, 37]
141:[14, 5]
142:[49, 0, 29]
143:[18, 40]
144:[23, 0, 3]
145:[48, 17, 22]
146:[38, 18]
147:[16, 0, 23]
148:[47, 7, 17]
149:[21, 47]
150:[43, 5, 32]
151:[14, 4, 13]
152:[6, 3]
153:[47, 7, 10]
154:[38, 5, 10]
155:[6, 2, 20]
156:[34, 22, 26]
157:[4, 23]
158:[27, 4, 49]
159:[35, 8, 38]
160:[41, 2, 8, 35]
161:[6, 2, 25]
162:[35, 8, 15]
163:[21, 9, 30]
164:[46, 4, 7]
165:[2, 0, 16, 33]
166:[15, 18]
167:[10, 5, 11, 46]
168:[0, 8, 18]
169:[25, 7, 9]
170:[14, 8]
171:[30, 12, 40]
172:[43, 5, 4]
173:[45, 24, 8, 38]
174:[17, 37]
175:[14, 43]
176:[40, 12, 45]
177:[30, 9, 0, 23]
178:[32, 4, 11]
179:[19, 9, 30]
180:[15, 4, 16]
181:[1, 7]
182:[7, 8, 15]
183:[33, 14, 48]
184:[8, 11, 46]
185:[23, 17, 24]
186:[2, 0, 1]
187:[37, 8, 24, 45]
188:[29, 9, 11]
189:[14, 8, 15]
190:[26, 19, 25]
191:[27, 4, 26]
192:[19, 9, 11]
193:[42, 2, 0]
194:[34, 0, 4, 13]
195:[16, 0, 2, 18]
196:[24, 8, 0, 10]
197:[13, 12, 40]
198:[5, 10, 42]
199:[35, 8, 40]
