0:[49, 6, 24]
1:[0, 8, 26]
2:[24, 17]
3:[22, 8, 15]
4:[49, 6, 39]
5:[19, 12, 39]
6:[26, 8, 0, 10]
7:[38, 8, 7]
8:[13, 4, 32, 47]
9:[18, 6, 4, 33]
10:[7, 0, 5]
11:[0, 8, 38]
12:[36, 11, 13]
13:[41, 2, 5, 14]
14:[48, 17, 31]
15:[23, 17, 24]
16:[33, 4, 27]
17:[30, 9, 0, 49]
18:[46, 2, 41]
19:[23, 0, 2, 43]
20:[45, 12, 0]
21:[3, 6, 36]
22:[0, 8, 15]
23:[41, 2, 29]
24:[49, 4, 33]
25:[14, 8, 36]
26:[7, 17, 39]
27:[37, 8, 15]
28:[7, 17, 39]
29:[10, 0, 9]
30:[6, 0, 23]
31:[37, 8, 38]
32:[27, 4, 32]
33:[3, 5, 32]
34:[17, 8, 18]
35:[43, 2, 18]
36:[46, 2, 12]
37:[1, 0, 4, 14]
38:[9, 19, 26]
39:[14, 24, 45]
40:[44, 6, 9]
41:[9, 0, 1]
42:[48, 14, 43]
43:[23, 0, 1]
44:[27, 17]
45:[38, 8, 40]
46:[43, 5, 11, 13]
47:[6, 4, 26]
48:[43, 2, 17, 31]
49:[27, 4, 16]
