160:[41, 4, 20, 35]
161:[6, 44, 49, 25]
162:[35, 11, 27, 15]
163:[21, 9, 30]
164:[46, 2, 8, 7]
165:[2, 29, 20, 33]
166:[15, 22, 34, 18]
167:[10, 39, 11, 46]
168:[0, 5, 4, 18]
169:[25, 19, 26, 9]
170:[14, 29, 47, 8]
171:[30, 6, 44, 40]
172:[43, 37, 13, 4]
173:[45, 32, 15, 38]
174:[17, 11, 21, 37]
175:[14, 43]
176:[40, 17, 37, 45]
177:[30, 8, 26, 23]
178:[32, 6, 44, 11]
179:[19, 2, 30]
180:[15, 2, 29, 16]
181:[1, 4, 27, 7]
182:[7, 10, 42, 15]
183:[33, 5, 11, 48]
184:[8, 11, 27, 46]
185:[23, 5, 14, 24]
186:[2, 46, 6, 1]
187:[37, 6, 12, 45]
188:[29, 12, 41, 11]
189:[14, 9, 15]
190:[26, 6, 3, 25]
191:[27, 36, 21, 26]
192:[19, 17, 39, 11]
193:[42, 10, 1, 0]
194:[34, 2, 20, 13]
195:[16, 33, 22, 18]
196:[24, 8, 15, 10]
197:[13, 1, 12, 40]
198:[5, 21, 36, 42]
199:[35, 25, 44, 40]
