120:[47, 2, 20, 0]
121:[18, 15, 4, 14]
122:[5, 6, 24, 4]
123:[17, 2, 12, 41]
124:[45, 15, 32, 30]
125:[33, 16]
126:[41, 17, 48, 11]
127:[5, 9, 2, 30]
128:[22, 28, 42]
129:[0, 12, 48, 24]
130:[18, 26, 4, 13]
131:[7, 20, 22, 35]
132:[34, 25, 36, 21]
133:[28, 7, 37, 47]
134:[46, 9, 5, 43]
135:[30, 12, 48, 10]
136:[21, 17, 31, 25]
137:[47, 21, 5]
138:[10, 47, 29, 16]
139:[13, 12, 28, 40]
140:[10, 30, 8, 37]
141:[14, 5]
142:[49, 0, 2, 29]
143:[18, 15, 17, 40]
144:[23, 19, 26, 3]
145:[48, 6, 44, 22]
146:[38, 43, 18]
147:[16, 7, 20, 23]
148:[47, 2, 30, 17]
149:[21, 47]
