120:[47, 21, 0]
121:[18, 44, 12, 14]
122:[5, 4]
123:[17, 2, 29, 41]
124:[45, 38, 9, 30]
125:[33, 3, 0, 16]
126:[41, 22, 28, 11]
127:[5, 30]
128:[22, 28, 2, 42]
129:[0, 40, 42, 24]
130:[18, 12, 28, 13]
131:[7, 35]
132:[34, 10, 0, 21]
133:[28, 22, 8, 47]
134:[46, 43]
135:[30, 45, 18, 10]
136:[21, 36, 25]
137:[47, 43, 46, 5]
138:[10, 16]
139:[13, 7, 37, 40]
140:[10, 2, 20, 37]
141:[14, 4, 26, 5]
142:[49, 19, 9, 29]
143:[18, 40]
144:[23, 17, 31, 3]
145:[48, 14, 33, 22]
146:[38, 18]
147:[16, 0, 23]
148:[47, 34, 44, 17]
149:[21, 47]
150:[43, 7, 20, 32]
151:[14, 33, 13]
152:[6, 39, 41, 3]
153:[47, 21, 11, 10]
154:[38, 0, 10]
155:[6, 49, 4, 20]
156:[34, 8, 19, 26]
157:[4, 16, 23]
158:[27, 4, 0, 49]
159:[35, 11, 48, 38]
160:[41, 12, 44, 35]
161:[6, 17, 31, 25]
162:[35, 17, 22, 15]
163:[21, 12, 30]
164:[46, 5, 16, 7]
165:[2, 34, 33]
166:[15, 32, 9, 18]
167:[10, 43, 2, 46]
168:[0, 5, 18]
169:[25, 8, 15, 9]
170:[14, 2, 29, 8]
171:[30, 12, 40]
172:[43, 26, 8, 4]
173:[45, 47, 29, 38]
174:[17, 37]
175:[14, 2, 25, 43]
176:[40, 27, 11, 45]
177:[30, 4, 23]
178:[32, 8, 26, 11]
179:[19, 9, 30]
180:[15, 4, 0, 16]
181:[1, 7]
182:[7, 17, 27, 15]
183:[33, 3, 41, 48]
184:[8, 7, 37, 46]
185:[23, 0, 3, 24]
186:[2, 42, 12, 1]
187:[37, 19, 15, 45]
188:[29, 6, 13, 11]
189:[14, 20, 2, 15]
190:[26, 7, 25]
191:[27, 45, 26]
192:[19, 15, 21, 11]
193:[42, 21, 36, 0]
194:[34, 41, 13]
195:[16, 7, 36, 18]
196:[24, 6, 42, 10]
197:[13, 16, 14, 40]
198:[5, 34, 22, 42]
199:[35, 14, 48, 40]
