60:[7, 16, 33, 18]
61:[0, 12, 45, 6]
62:[40, 2, 30, 0]
63:[20, 41, 34, 29]
64:[6, 13, 3, 31]
65:[3, 45, 24, 48]
66:[42, 41, 3, 6]
67:[9, 13, 37, 24]
68:[35, 9, 19, 12]
69:[35, 8, 15, 0]
70:[8, 22, 35, 49]
71:[17, 37, 0, 34]
72:[24, 12, 40, 42]
73:[33, 6, 0, 10]
74:[36, 21, 37, 8]
75:[2, 29, 6]
76:[17, 48, 2]
77:[33, 22, 35]
78:[4, 20, 0, 33]
79:[36, 12, 28, 24]
80:[39, 11, 6, 18]
81:[14, 43, 5, 34]
82:[6, 4, 49]
83:[4, 13, 0, 16]
84:[31, 25, 39]
85:[3, 41, 34, 20]
86:[23, 5, 38, 43]
87:[47, 29, 9, 27]
88:[18, 2, 46, 7]
89:[38, 9, 19, 26]
90:[14, 48, 12, 47]
91:[40, 42, 10, 49]
92:[9, 11, 39, 45]
93:[6, 39, 18, 38]
94:[42, 25, 44, 16]
95:[22, 28, 0, 49]
96:[15, 0, 3]
97:[8, 36, 21, 27]
98:[0, 40, 8, 18]
99:[14, 45, 12, 13]
