90:[0, 12, 13, 24]
91:[18, 44, 25, 13]
92:[7, 6, 39, 35]
93:[34, 1, 29, 21]
94:[28, 34, 25, 47]
95:[46, 43]
96:[30, 12, 0, 10]
97:[21, 12, 30, 25]
98:[47, 2, 20, 5]
99:[10, 43, 46, 16]
100:[13, 11, 46, 40]
101:[10, 7, 47, 37]
102:[14, 11, 27, 5]
103:[49, 45, 24, 29]
104:[18, 29, 1, 40]
105:[23, 19, 5, 3]
106:[48, 6, 42, 22]
107:[38, 26, 22, 18]
108:[16, 4, 26, 23]
109:[47, 1, 10, 17]
110:[21, 9, 38, 47]
111:[43, 6, 13, 32]
112:[14, 48, 3, 13]
113:[6, 2, 5, 3]
114:[47, 17, 24, 10]
115:[38, 18, 0, 10]
116:[6, 24, 45, 20]
117:[34, 6, 14, 26]
118:[4, 15, 19, 23]
119:[27, 17, 0, 49]
120:[35, 32, 47, 38]
121:[41, 9, 19, 35]
122:[6, 44, 34, 25]
123:[35, 12, 28, 15]
124:[21, 7, 10, 30]
125:[46, 2, 30, 7]
126:[2, 25, 4, 33]
127:[15, 19, 2, 18]
128:[10, 9, 21, 46]
129:[0, 7, 47, 18]
130:[25, 47, 21, 9]
131:[14, 25, 44, 8]
132:[30, 3, 41, 40]
133:[43, 8, 15, 4]
134:[45, 3, 31, 38]
135:[17, 48, 12, 37]
136:[14, 5, 43]
137:[40, 8, 14, 45]
138:[30, 32, 15, 23]
139:[32, 9, 11]
140:[19, 7, 37, 30]
141:[15, 12, 44, 16]
142:[1, 14, 16, 7]
143:[7, 1, 29, 15]
144:[33, 16, 14, 48]
145:[8, 15, 2, 46]
146:[23, 22, 28, 24]
147:[2, 8, 36, 1]
148:[37, 8, 20, 45]
149:[29, 0, 23, 11]
