120:[35, 6, 39, 38]
121:[41, 47, 29, 35]
122:[6, 3, 25]
123:[35, 37, 18, 15]
124:[21, 14, 48, 30]
125:[46, 2, 41, 7]
126:[2, 12, 21, 33]
127:[15, 18]
128:[10, 42, 2, 46]
129:[0, 16, 2, 18]
130:[25, 8, 11, 9]
131:[14, 25, 44, 8]
132:[30, 3, 31, 40]
133:[43, 37, 13, 4]
134:[45, 24, 38]
135:[17, 2, 25, 37]
136:[14, 43]
137:[40, 10, 30, 45]
138:[30, 8, 0, 23]
139:[32, 22, 33, 11]
140:[19, 8, 20, 30]
141:[15, 21, 36, 16]
142:[1, 21, 47, 7]
143:[7, 27, 3, 15]
144:[33, 9, 15, 48]
145:[8, 37, 46]
146:[23, 19, 25, 24]
147:[2, 29, 12, 1]
148:[37, 17, 24, 45]
149:[29, 15, 32, 11]
