60:[14, 36, 11, 13]
61:[15, 32, 47, 25]
62:[45, 11, 27, 2]
63:[33, 14, 43, 42]
64:[6, 13, 37, 7]
65:[38, 27, 45, 16]
66:[39, 8, 15, 36]
67:[18, 17, 22, 3]
68:[38, 6, 44, 10]
69:[41, 27, 45, 4]
70:[20, 8, 24, 31]
71:[40, 13, 37, 26]
72:[49, 9, 30, 5]
73:[28, 12, 39, 35]
74:[31, 11, 44, 34]
75:[7, 35, 8, 17]
76:[1, 44, 25, 40]
77:[43, 38, 3]
78:[39, 3, 31]
79:[12, 30, 4, 26]
80:[33, 22, 35]
81:[47, 32, 5, 0]
82:[18, 21, 36, 14]
83:[5, 10, 20, 4]
84:[17, 23, 43, 41]
85:[45, 24, 14, 30]
86:[33, 14, 16]
87:[41, 3, 15, 11]
88:[5, 11, 36, 30]
89:[22, 7, 8, 42]
90:[0, 49, 15, 24]
91:[18, 15, 12, 13]
92:[7, 37, 13, 35]
93:[34, 41, 12, 21]
94:[28, 7, 47]
95:[46, 11, 35, 43]
96:[30, 10]
97:[21, 12, 25]
98:[47, 8, 5]
99:[10, 42, 0, 16]
