0:[35, 8, 14]
1:[44, 6, 9]
2:[9, 0, 1]
3:[48, 14, 43]
4:[23, 0, 1]
5:[27, 17]
6:[38, 8, 40]
7:[43, 5, 11, 13]
8:[6, 4, 26]
9:[43, 2, 17, 31]
10:[27, 4, 16]
11:[20, 8, 40]
12:[47, 32, 4, 26]
13:[6, 9, 38]
14:[29, 0, 34]
15:[22, 0, 4, 32]
16:[19, 2, 43]
17:[18, 2, 46]
18:[10, 5, 32]
19:[27, 17, 39]
20:[11, 8, 37]
21:[7, 8, 18]
22:[0, 6]
23:[40, 0]
24:[20, 2, 29]
25:[6, 3, 31]
26:[3, 0, 17, 48]
27:[42, 6]
28:[9, 6, 24]
29:[35, 25, 12]
30:[35, 7, 0]
31:[8, 0, 49]
32:[17, 0, 34]
33:[24, 6, 42]
34:[33, 16, 0, 10]
35:[36, 8]
36:[2, 6]
37:[17, 2]
38:[33, 22, 35]
39:[4, 33]
40:[36, 8, 24]
41:[39, 6, 18]
42:[14, 4, 0, 34]
43:[6, 49]
44:[4, 16]
45:[31, 17, 39]
46:[3, 0, 8, 20]
47:[23, 0, 2, 43]
48:[47, 7, 27]
49:[18, 6, 7]
50:[38, 8, 26]
51:[14, 4, 32, 47]
52:[40, 0, 49]
53:[9, 19, 45]
54:[6, 9, 38]
55:[42, 40, 0, 16]
56:[22, 0, 49]
57:[15, 4, 0, 3]
58:[8, 17, 27]
59:[0, 8, 18]
60:[14, 4, 13]
61:[15, 19, 25]
62:[45, 12, 2]
63:[33, 4, 6, 42]
64:[6, 7]
65:[38, 8, 0, 16]
66:[39, 11, 36]
67:[18, 6, 3]
68:[38, 5, 10]
69:[41, 2, 0, 4]
70:[20, 8, 17, 31]
71:[40, 8, 26]
72:[49, 0, 5]
73:[28, 22, 35]
74:[31, 25, 34]
75:[7, 17]
76:[1, 0, 40]
77:[43, 5, 3]
78:[39, 17, 31]
79:[12, 19, 26]
80:[33, 22, 35]
81:[47, 7, 0]
82:[18, 8, 14]
83:[5, 4]
84:[17, 2, 41]
85:[45, 12, 30]
86:[33, 16]
87:[41, 2, 5, 11]
88:[5, 9, 30]
89:[22, 0, 40, 42]
90:[0, 8, 24]
91:[18, 6, 13]
92:[7, 35]
93:[34, 0, 21]
94:[28, 7, 47]
95:[46, 43]
96:[30, 10]
97:[21, 12, 25]
98:[47, 32, 5]
99:[10, 0, 16]
