160:[35, 11, 36, 40]
161:[45, 27, 0, 40]
162:[4, 11, 27, 19]
163:[27, 8, 20, 39]
164:[9, 5, 46]
165:[26, 31, 9, 39]
166:[16, 11, 48, 49]
167:[28, 11, 5, 14]
168:[34, 0, 21, 35]
169:[18, 6, 44, 33]
170:[19, 6, 44, 36]
171:[48, 12, 39, 30]
172:[1, 2, 34, 22]
173:[28, 7, 22, 42]
174:[43, 27, 4, 12]
175:[37, 0, 3]
176:[40, 26, 8, 36]
177:[45, 13, 37, 17]
178:[42, 10, 18, 26]
179:[21, 16, 33, 44]
180:[20, 49, 4, 26]
181:[36, 11, 46, 38]
182:[24, 45, 19, 26]
183:[4, 13, 6, 49]
184:[47, 29, 9, 8]
185:[20, 12, 44]
186:[41, 22, 17, 29]
187:[2, 43, 5]
188:[19, 11, 36, 2]
189:[7, 43, 46, 15]
190:[6, 49, 48, 14]
191:[27, 11, 25, 17]
192:[37, 17, 24, 1]
193:[44, 17, 22, 32]
194:[33, 6, 2, 12]
195:[0, 28, 1, 24]
196:[48, 12, 28, 37]
197:[13, 2, 8, 20]
198:[36, 19, 25, 38]
199:[20, 12, 30, 2]
