120:[35, 25, 38]
121:[41, 11, 13, 35]
122:[6, 36, 49, 25]
123:[35, 4, 15]
124:[21, 9, 30]
125:[46, 47, 32, 7]
126:[2, 17, 27, 33]
127:[15, 18]
128:[10, 43, 46]
129:[0, 11, 46, 18]
130:[25, 15, 19, 9]
131:[14, 33, 22, 8]
132:[30, 6, 42, 40]
133:[43, 48, 11, 4]
134:[45, 8, 20, 38]
135:[17, 37]
136:[14, 48, 43]
137:[40, 31, 3, 45]
138:[30, 42, 0, 23]
139:[32, 6, 13, 11]
140:[19, 45, 30]
141:[15, 17, 39, 16]
142:[1, 47, 29, 7]
143:[7, 13, 37, 15]
144:[33, 11, 13, 48]
145:[8, 46]
146:[23, 6, 24]
147:[2, 20, 19, 1]
148:[37, 0, 1, 45]
149:[29, 11]
150:[14, 23, 19, 15]
151:[26, 44, 31, 25]
152:[27, 8, 35, 26]
153:[19, 23, 11]
154:[42, 48, 14, 0]
155:[34, 44, 49, 13]
156:[16, 36, 21, 18]
157:[24, 9, 30, 10]
158:[13, 0, 40]
159:[5, 0, 12, 42]
160:[35, 22, 38, 40]
161:[45, 6, 44, 40]
162:[4, 26, 19]
163:[27, 17, 39]
164:[9, 26, 31, 46]
165:[26, 8, 11, 39]
166:[16, 4, 49]
167:[28, 6, 24, 14]
168:[34, 41, 35]
169:[18, 2, 30, 33]
170:[19, 25, 44, 36]
171:[48, 0, 16, 30]
172:[1, 19, 26, 22]
173:[28, 18, 40, 42]
174:[43, 27, 17, 12]
175:[37, 7, 3]
176:[40, 26, 31, 36]
177:[45, 32, 15, 17]
178:[42, 17, 22, 26]
179:[21, 36, 27, 44]
180:[20, 2, 29, 26]
181:[36, 23, 8, 38]
182:[24, 0, 28, 26]
183:[4, 49]
184:[47, 6, 3, 8]
185:[20, 12, 45, 44]
186:[41, 12, 46, 29]
187:[2, 5]
188:[19, 45, 25, 2]
189:[7, 38, 43, 15]
190:[6, 14]
191:[27, 11, 36, 17]
192:[37, 14, 48, 1]
193:[44, 34, 35, 32]
194:[33, 2, 5, 12]
195:[0, 49, 6, 24]
196:[48, 0, 5, 37]
197:[13, 29, 1, 20]
198:[36, 4, 33, 38]
199:[20, 7, 10, 2]
