0:[4, 1, 5, 6]
1:[6, 5, 4, 2]
2:[5, 1, 7]
3:[4]
4:[4]
5:[5, 3, 1]
6:[5]
7:[0, 4, 3, 5]
0:[[4], [1], [5], [6], [4, 1], [4, 5], [4, 6], [1, 5], [1, 6], [5, 6], [4, 1, 5], [4, 1, 6], [4, 5, 6], [1, 5, 6], [4, 1, 5, 6]]
1:[[6], [5], [4], [2], [6, 5], [6, 4], [6, 2], [5, 4], [5, 2], [4, 2], [6, 5, 4], [6, 5, 2], [6, 4, 2], [5, 4, 2], [6, 5, 4, 2]]
2:[[5], [1], [7], [5, 1], [5, 7], [1, 7], [5, 1, 7]]
3:[[4]]
4:[[4]]
5:[[5], [3], [1], [5, 3], [5, 1], [3, 1], [5, 3, 1]]
6:[[5]]
7:[[0], [4], [3], [5], [0, 4], [0, 3], [0, 5], [4, 3], [4, 5], [3, 5], [0, 4, 3], [0, 4, 5], [0, 3, 5], [4, 3, 5], [0, 4, 3, 5]]
