120:[49, 5]
121:[28, 31, 45, 35]
122:[31, 0, 34]
123:[7, 44, 25, 17]
124:[1, 19, 25, 40]
125:[43, 44, 34, 3]
126:[39, 5, 9, 31]
127:[12, 44, 26]
128:[33, 4, 15, 35]
129:[47, 48, 32, 0]
130:[18, 15, 19, 14]
131:[5, 35, 4]
132:[17, 9, 19, 41]
133:[45, 0, 21, 30]
134:[33, 16]
135:[41, 8, 36, 11]
136:[5, 7, 28, 30]
137:[22, 27, 0, 42]
138:[0, 32, 24]
139:[18, 38, 13]
140:[7, 45, 8, 35]
141:[34, 33, 12, 21]
142:[28, 0, 38, 47]
143:[46, 30, 0, 43]
144:[30, 0, 10]
145:[21, 10, 42, 25]
146:[47, 3, 5]
147:[10, 16]
148:[13, 1, 40]
149:[10, 3, 41, 37]
150:[14, 0, 5]
151:[49, 0, 29]
152:[18, 0, 40]
153:[23, 12, 28, 3]
154:[48, 28, 22]
155:[38, 0, 18]
156:[16, 49, 21, 23]
157:[47, 10, 5, 17]
158:[21, 31, 38, 47]
159:[43, 21, 47, 32]
160:[14, 1, 4, 13]
161:[6, 28, 3]
162:[47, 9, 40, 10]
163:[38, 2, 29, 10]
164:[6, 4, 15, 20]
165:[34, 44, 26]
166:[4, 20, 23]
167:[27, 25, 38, 49]
168:[35, 40, 12, 38]
169:[41, 4, 35]
170:[6, 11, 48, 25]
171:[35, 0, 3, 15]
172:[21, 31, 9, 30]
173:[46, 19, 7]
174:[2, 46, 37, 33]
175:[15, 2, 1, 18]
176:[10, 1, 26, 46]
177:[0, 15, 11, 18]
178:[25, 18, 5, 9]
179:[14, 46, 0, 8]
180:[30, 16, 3, 40]
181:[43, 7, 4]
182:[45, 36, 11, 38]
183:[17, 37]
184:[14, 47, 2, 43]
185:[40, 2, 25, 45]
186:[30, 18, 10, 23]
187:[32, 6, 49, 11]
188:[19, 49, 38, 30]
189:[15, 33, 16]
190:[1, 21, 9, 7]
191:[7, 49, 32, 15]
192:[33, 0, 34, 48]
193:[8, 27, 46]
194:[23, 0, 25, 24]
195:[2, 20, 1]
196:[37, 4, 46, 45]
197:[29, 8, 15, 11]
198:[14, 25, 35, 15]
199:[26, 45, 23, 25]
