60:[47, 22, 28, 26]
61:[6, 7, 25, 38]
62:[29, 25, 2, 34]
63:[22, 0, 3, 32]
64:[19, 12, 13, 43]
65:[18, 8, 24, 46]
66:[10, 42, 40, 32]
67:[27, 45, 12, 39]
68:[11, 21, 47, 37]
69:[7, 25, 35, 18]
70:[0, 15, 32, 6]
71:[40, 45, 19, 0]
72:[20, 8, 22, 29]
73:[6, 18, 31]
74:[3, 41, 12, 48]
75:[42, 49, 43, 6]
76:[9, 2, 46, 24]
77:[35, 6, 49, 12]
78:[35, 6, 42, 0]
79:[8, 12, 44, 49]
80:[17, 4, 16, 34]
81:[24, 2, 29, 42]
82:[33, 16, 0, 10]
83:[36, 8]
84:[2, 25, 35, 6]
85:[17, 40, 42, 2]
86:[33, 22, 28, 35]
87:[4, 16, 33]
88:[36, 6, 24]
89:[39, 11, 18]
90:[14, 1, 0, 34]
91:[6, 18, 15, 49]
92:[4, 20, 16]
93:[31, 0, 1, 39]
94:[3, 17, 22, 20]
95:[23, 4, 5, 43]
96:[47, 13, 37, 27]
97:[18, 9, 21, 7]
98:[38, 19, 26]
99:[14, 11, 36, 47]
