0:[49, 6, 36]
1:[1, 0, 8, 36]
2:[48, 17, 31]
3:[45, 12, 0]
4:[9, 0, 23]
5:[30, 2, 41]
6:[49, 43, 46]
7:[46, 2, 30]
8:[30, 9, 0, 49]
9:[48, 14, 16]
10:[26, 4, 32, 47]
11:[24, 17]
12:[22, 8, 15]
13:[49, 6, 39]
14:[19, 12, 39]
15:[26, 8, 0, 10]
16:[38, 8, 7]
17:[13, 4, 32, 47]
18:[18, 6, 4, 33]
19:[7, 0, 5]
20:[0, 8, 38]
21:[36, 11, 13]
22:[41, 2, 5, 14]
23:[48, 17, 31]
24:[23, 17, 24]
25:[33, 4, 27]
26:[30, 9, 0, 49]
27:[46, 2, 41]
28:[23, 0, 2, 43]
29:[45, 12, 0]
30:[3, 6, 36]
31:[0, 8, 15]
32:[41, 2, 29]
33:[49, 4, 33]
34:[14, 8, 36]
35:[7, 17, 39]
36:[37, 8, 15]
37:[7, 17, 39]
38:[10, 0, 9]
39:[6, 0, 23]
40:[37, 8, 38]
41:[27, 4, 32]
42:[3, 5, 32]
43:[17, 8, 18]
44:[43, 2, 18]
45:[46, 2, 12]
46:[1, 0, 4, 14]
47:[9, 19, 26]
48:[14, 24, 45]
49:[44, 6, 9]
50:[9, 0, 1]
51:[48, 14, 43]
52:[23, 0, 1]
53:[27, 17]
54:[38, 8, 40]
55:[43, 5, 11, 13]
56:[6, 4, 26]
57:[43, 2, 17, 31]
58:[27, 4, 16]
59:[20, 8, 40]
60:[47, 32, 4, 26]
61:[6, 9, 38]
62:[29, 0, 34]
63:[22, 0, 4, 32]
64:[19, 2, 43]
65:[18, 2, 46]
66:[10, 5, 32]
67:[27, 17, 39]
68:[11, 8, 37]
69:[7, 8, 18]
70:[0, 6]
71:[40, 0]
72:[20, 2, 29]
73:[6, 3, 31]
74:[3, 0, 17, 48]
75:[42, 6]
76:[9, 6, 24]
77:[35, 25, 12]
78:[35, 7, 0]
79:[8, 0, 49]
80:[17, 0, 34]
81:[24, 6, 42]
82:[33, 16, 0, 10]
83:[36, 8]
84:[2, 6]
85:[17, 2]
86:[33, 22, 35]
87:[4, 33]
88:[36, 8, 24]
89:[39, 6, 18]
90:[14, 4, 0, 34]
91:[6, 49]
92:[4, 16]
93:[31, 17, 39]
94:[3, 0, 8, 20]
95:[23, 0, 2, 43]
96:[47, 7, 27]
97:[18, 6, 7]
98:[38, 8, 26]
99:[14, 4, 32, 47]
100:[40, 0, 49]
101:[9, 19, 45]
102:[6, 9, 38]
103:[42, 40, 0, 16]
104:[22, 0, 49]
105:[15, 4, 0, 3]
106:[8, 17, 27]
107:[0, 8, 18]
108:[14, 4, 13]
109:[15, 19, 25]
110:[45, 12, 2]
111:[33, 4, 6, 42]
112:[6, 7]
113:[38, 8, 0, 16]
114:[39, 11, 36]
115:[18, 6, 3]
116:[38, 5, 10]
117:[41, 2, 0, 4]
118:[20, 8, 17, 31]
119:[40, 8, 26]
120:[49, 0, 5]
121:[28, 22, 35]
122:[31, 25, 34]
123:[7, 17]
124:[1, 0, 40]
125:[43, 5, 3]
126:[39, 17, 31]
127:[12, 19, 26]
128:[33, 22, 35]
129:[47, 7, 0]
130:[18, 8, 14]
131:[5, 4]
132:[17, 2, 41]
133:[45, 12, 30]
134:[33, 16]
135:[41, 2, 5, 11]
136:[5, 9, 30]
137:[22, 0, 40, 42]
138:[0, 8, 24]
139:[18, 6, 13]
140:[7, 35]
141:[34, 0, 21]
142:[28, 7, 47]
143:[46, 43]
144:[30, 10]
145:[21, 12, 25]
146:[47, 32, 5]
147:[10, 0, 16]
148:[13, 12, 40]
149:[10, 7, 37]
150:[14, 5]
151:[49, 0, 29]
152:[18, 40]
153:[23, 0, 3]
154:[48, 17, 22]
155:[38, 18]
156:[16, 0, 23]
157:[47, 7, 17]
158:[21, 47]
159:[43, 5, 32]
160:[14, 4, 13]
161:[6, 3]
162:[47, 7, 10]
163:[38, 5, 10]
164:[6, 2, 20]
165:[34, 22, 26]
166:[4, 23]
167:[27, 4, 49]
168:[35, 8, 38]
169:[41, 2, 8, 35]
170:[6, 2, 25]
171:[35, 8, 15]
172:[21, 9, 30]
173:[46, 4, 7]
174:[2, 0, 16, 33]
175:[15, 18]
176:[10, 5, 11, 46]
177:[0, 8, 18]
178:[25, 7, 9]
179:[14, 8]
180:[30, 12, 40]
181:[43, 5, 4]
182:[45, 24, 8, 38]
183:[17, 37]
184:[14, 43]
185:[40, 12, 45]
186:[30, 9, 0, 23]
187:[32, 4, 11]
188:[19, 9, 30]
189:[15, 4, 16]
190:[1, 7]
191:[7, 8, 15]
192:[33, 14, 48]
193:[8, 11, 46]
194:[23, 17, 24]
195:[2, 0, 1]
196:[37, 8, 24, 45]
197:[29, 9, 11]
198:[14, 8, 15]
199:[26, 19, 25]
