120:[49, 12, 48, 5]
121:[28, 0, 34, 35]
122:[31, 6, 44, 34]
123:[7, 25, 48, 17]
124:[1, 29, 47, 40]
125:[43, 32, 47, 3]
126:[39, 11, 15, 31]
127:[12, 7, 16, 26]
128:[33, 34, 25, 35]
129:[47, 48, 11, 0]
130:[18, 2, 30, 14]
131:[5, 0, 1, 4]
132:[17, 47, 21, 41]
133:[45, 0, 22, 30]
134:[33, 4, 46, 16]
135:[41, 30, 10, 11]
136:[5, 2, 20, 30]
137:[22, 19, 15, 42]
138:[0, 29, 47, 24]
139:[18, 7, 28, 13]
140:[7, 22, 26, 35]
141:[34, 44, 9, 21]
142:[28, 7, 10, 47]
143:[46, 22, 28, 43]
144:[30, 12, 21, 10]
145:[21, 22, 33, 25]
146:[47, 4, 14, 5]
147:[10, 6, 24, 16]
148:[13, 11, 27, 40]
149:[10, 8, 37]
