0:[49, 6, 36]
1:[1, 0, 8, 36]
2:[48, 17, 31]
3:[45, 12, 0]
4:[9, 0, 23]
5:[30, 2, 41]
6:[49, 43, 46]
7:[46, 2, 30]
8:[30, 9, 0, 49]
9:[48, 14, 16]
10:[26, 4, 32, 47]
11:[24, 17]
12:[22, 8, 15]
13:[49, 6, 39]
14:[19, 12, 39]
15:[26, 8, 0, 10]
16:[38, 8, 7]
17:[13, 4, 32, 47]
18:[18, 6, 4, 33]
19:[7, 0, 5]
20:[0, 8, 38]
21:[36, 11, 13]
22:[41, 2, 5, 14]
23:[48, 17, 31]
24:[23, 17, 24]
25:[33, 4, 27]
26:[30, 9, 0, 49]
27:[46, 2, 41]
28:[23, 0, 2, 43]
29:[45, 12, 0]
30:[3, 6, 36]
31:[0, 8, 15]
32:[41, 2, 29]
33:[49, 4, 33]
34:[14, 8, 36]
35:[7, 17, 39]
36:[37, 8, 15]
37:[7, 17, 39]
38:[10, 0, 9]
39:[6, 0, 23]
40:[37, 8, 38]
41:[27, 4, 32]
42:[3, 5, 32]
43:[17, 8, 18]
44:[43, 2, 18]
45:[46, 2, 12]
46:[1, 0, 4, 14]
47:[9, 19, 26]
48:[14, 24, 45]
49:[44, 6, 9]
