90:[14, 48, 25, 34]
91:[6, 49]
92:[4, 16]
93:[31, 10, 1, 39]
94:[3, 15, 11, 20]
95:[23, 24, 45, 43]
96:[47, 10, 27]
97:[18, 1, 17, 7]
98:[38, 15, 22, 26]
99:[14, 12, 32, 47]
100:[40, 44, 25, 49]
101:[9, 15, 11, 45]
102:[6, 38]
103:[42, 16]
104:[22, 45, 4, 49]
105:[15, 0, 3]
106:[8, 0, 21, 27]
107:[0, 22, 18]
108:[14, 24, 13]
109:[15, 7, 28, 25]
110:[45, 2]
111:[33, 22, 42]
112:[6, 12, 28, 7]
113:[38, 8, 14, 16]
114:[39, 6, 44, 36]
115:[18, 11, 36, 3]
116:[38, 1, 10]
117:[41, 21, 4]
118:[20, 4, 32, 31]
119:[40, 18, 26]
120:[49, 5]
121:[28, 4, 19, 35]
122:[31, 9, 15, 34]
123:[7, 28, 31, 17]
124:[1, 29, 23, 40]
125:[43, 45, 4, 3]
126:[39, 8, 20, 31]
127:[12, 40, 19, 26]
128:[33, 25, 35]
129:[47, 29, 17, 0]
130:[18, 38, 26, 14]
131:[5, 2, 46, 4]
132:[17, 0, 3, 41]
133:[45, 46, 2, 30]
134:[33, 16]
135:[41, 34, 11]
136:[5, 12, 16, 30]
137:[22, 7, 47, 42]
138:[0, 5, 29, 24]
139:[18, 38, 13]
140:[7, 1, 22, 35]
141:[34, 9, 21]
142:[28, 6, 44, 47]
143:[46, 43]
144:[30, 4, 20, 10]
145:[21, 12, 13, 25]
146:[47, 4, 46, 5]
147:[10, 2, 42, 16]
148:[13, 42, 40]
149:[10, 8, 37]
