160:[14, 7, 21, 13]
161:[6, 0, 21, 3]
162:[47, 36, 7, 10]
163:[38, 14, 48, 10]
164:[6, 15, 2, 20]
165:[34, 25, 44, 26]
166:[4, 15, 0, 23]
167:[27, 32, 37, 49]
168:[35, 12, 44, 38]
169:[41, 21, 36, 35]
170:[6, 44, 25]
171:[35, 30, 9, 15]
172:[21, 47, 30]
173:[46, 0, 20, 7]
174:[2, 45, 33]
175:[15, 8, 37, 18]
176:[10, 7, 46]
177:[0, 17, 31, 18]
178:[25, 22, 28, 9]
179:[14, 2, 8]
180:[30, 4, 27, 40]
181:[43, 34, 25, 4]
182:[45, 4, 13, 38]
183:[17, 3, 37]
184:[14, 7, 4, 43]
185:[40, 21, 45]
186:[30, 0, 1, 23]
187:[32, 47, 21, 11]
188:[19, 30]
189:[15, 17, 27, 16]
190:[1, 13, 28, 7]
191:[7, 17, 37, 15]
192:[33, 12, 21, 48]
193:[8, 14, 0, 46]
194:[23, 43, 46, 24]
195:[2, 34, 1]
196:[37, 2, 29, 45]
197:[29, 22, 11]
198:[14, 26, 19, 15]
199:[26, 12, 21, 25]
