0:[46, 2, 41]
1:[23, 0, 2, 43]
2:[45, 12, 0]
3:[3, 6, 36]
4:[0, 8, 15]
5:[41, 2, 29]
6:[49, 4, 33]
7:[14, 8, 36]
8:[7, 17, 39]
9:[37, 8, 15]
10:[7, 17, 39]
11:[10, 0, 9]
12:[6, 0, 23]
13:[37, 8, 38]
14:[27, 4, 32]
15:[3, 5, 32]
16:[17, 8, 18]
17:[43, 2, 18]
18:[46, 2, 12]
19:[1, 0, 4, 14]
20:[9, 19, 26]
21:[14, 24, 45]
22:[44, 6, 9]
23:[9, 0, 1]
24:[48, 14, 43]
25:[23, 0, 1]
26:[27, 17]
27:[38, 8, 40]
28:[43, 5, 11, 13]
29:[6, 4, 26]
30:[43, 2, 17, 31]
31:[27, 4, 16]
32:[20, 8, 40]
33:[47, 32, 4, 26]
34:[6, 9, 38]
35:[29, 0, 34]
36:[22, 0, 4, 32]
37:[19, 2, 43]
38:[18, 2, 46]
39:[10, 5, 32]
40:[27, 17, 39]
41:[11, 8, 37]
42:[7, 8, 18]
43:[0, 6]
44:[40, 0]
45:[20, 2, 29]
46:[6, 3, 31]
47:[3, 0, 17, 48]
48:[42, 6]
49:[9, 6, 24]
50:[35, 25, 12]
51:[35, 7, 0]
52:[8, 0, 49]
53:[17, 0, 34]
54:[24, 6, 42]
55:[33, 16, 0, 10]
56:[36, 8]
57:[2, 6]
58:[17, 2]
59:[33, 22, 35]
60:[4, 33]
61:[36, 8, 24]
62:[39, 6, 18]
63:[14, 4, 0, 34]
64:[6, 49]
65:[4, 16]
66:[31, 17, 39]
67:[3, 0, 8, 20]
68:[23, 0, 2, 43]
69:[47, 7, 27]
70:[18, 6, 7]
71:[38, 8, 26]
72:[14, 4, 32, 47]
73:[40, 0, 49]
74:[9, 19, 45]
75:[6, 9, 38]
76:[42, 40, 0, 16]
77:[22, 0, 49]
78:[15, 4, 0, 3]
79:[8, 17, 27]
80:[0, 8, 18]
81:[14, 4, 13]
82:[15, 19, 25]
83:[45, 12, 2]
84:[33, 4, 6, 42]
85:[6, 7]
86:[38, 8, 0, 16]
87:[39, 11, 36]
88:[18, 6, 3]
89:[38, 5, 10]
90:[41, 2, 0, 4]
91:[20, 8, 17, 31]
92:[40, 8, 26]
93:[49, 0, 5]
94:[28, 22, 35]
95:[31, 25, 34]
96:[7, 17]
97:[1, 0, 40]
98:[43, 5, 3]
99:[39, 17, 31]
