160:[32, 17, 8, 11]
161:[19, 46, 11, 30]
162:[15, 23, 14, 16]
163:[1, 12, 48, 7]
164:[7, 28, 19, 15]
165:[33, 21, 36, 48]
166:[8, 34, 41, 46]
167:[23, 26, 31, 24]
168:[2, 12, 1]
169:[37, 13, 2, 45]
170:[29, 12, 48, 11]
171:[14, 5, 0, 15]
172:[26, 22, 28, 25]
173:[27, 45, 19, 26]
174:[19, 25, 4, 11]
175:[42, 2, 20, 0]
176:[34, 3, 31, 13]
177:[16, 0, 21, 18]
178:[24, 2, 30, 10]
179:[13, 25, 44, 40]
180:[5, 21, 9, 42]
181:[35, 8, 15, 40]
182:[45, 8, 20, 40]
183:[4, 20, 2, 19]
184:[27, 40, 42, 39]
185:[9, 21, 46]
186:[26, 19, 34, 39]
187:[16, 7, 6, 49]
188:[28, 6, 14]
189:[34, 44, 21, 35]
190:[18, 1, 29, 33]
191:[19, 17, 27, 36]
192:[48, 0, 21, 30]
193:[1, 33, 22]
194:[28, 30, 10, 42]
195:[43, 5, 9, 12]
196:[37, 17, 48, 3]
197:[40, 9, 11, 36]
198:[45, 24, 17]
199:[42, 2, 46, 26]
