120:[10, 30, 0, 16]
121:[13, 11, 36, 40]
122:[10, 7, 37]
123:[14, 6, 32, 5]
124:[49, 25, 31, 29]
125:[18, 6, 49, 40]
126:[23, 17, 48, 3]
127:[48, 34, 44, 22]
128:[38, 11, 21, 18]
129:[16, 33, 4, 23]
130:[47, 8, 24, 17]
131:[21, 12, 47]
132:[43, 41, 12, 32]
133:[14, 5, 4, 13]
134:[6, 42, 41, 3]
135:[47, 21, 1, 10]
136:[38, 8, 5, 10]
137:[6, 4, 5, 20]
138:[34, 25, 26]
139:[4, 15, 10, 23]
140:[27, 13, 37, 49]
141:[35, 30, 9, 38]
142:[41, 8, 35]
143:[6, 8, 20, 25]
144:[35, 32, 15]
145:[21, 8, 20, 30]
146:[46, 1, 29, 7]
147:[2, 25, 4, 33]
148:[15, 11, 46, 18]
149:[10, 44, 34, 46]
