60:[4, 5, 16, 33]
61:[36, 0, 10, 24]
62:[39, 25, 19, 18]
63:[14, 19, 45, 34]
64:[6, 18, 0, 49]
65:[4, 33, 16]
66:[31, 25, 33, 39]
67:[3, 7, 20]
68:[23, 11, 48, 43]
69:[47, 45, 24, 27]
70:[18, 12, 21, 7]
71:[38, 8, 36, 26]
72:[14, 32, 47]
73:[40, 19, 45, 49]
74:[9, 4, 46, 45]
75:[6, 42, 32, 38]
76:[42, 22, 28, 16]
77:[22, 9, 38, 49]
78:[15, 12, 41, 3]
79:[8, 35, 22, 27]
80:[0, 12, 30, 18]
81:[14, 4, 13]
82:[15, 11, 46, 25]
83:[45, 30, 9, 2]
84:[33, 49, 6, 42]
85:[6, 13, 37, 7]
86:[38, 41, 34, 16]
87:[39, 13, 37, 36]
88:[18, 40, 0, 3]
89:[38, 40, 12, 10]
90:[41, 32, 15, 4]
91:[20, 7, 17, 31]
92:[40, 7, 1, 26]
93:[49, 0, 29, 5]
94:[28, 0, 5, 35]
95:[31, 12, 28, 34]
96:[7, 16, 14, 17]
97:[1, 4, 11, 40]
98:[43, 7, 20, 3]
99:[39, 12, 28, 31]
