90:[41, 22, 33, 4]
91:[20, 2, 19, 31]
92:[40, 7, 20, 26]
93:[49, 26, 31, 5]
94:[28, 22, 35]
95:[31, 3, 34]
96:[7, 1, 17]
97:[1, 21, 36, 40]
98:[43, 26, 31, 3]
99:[39, 10, 30, 31]
100:[12, 14, 5, 26]
101:[33, 42, 10, 35]
102:[47, 35, 25, 0]
103:[18, 12, 48, 14]
104:[5, 2, 46, 4]
105:[17, 2, 25, 41]
106:[45, 12, 48, 30]
107:[33, 26, 14, 16]
108:[41, 13, 37, 11]
109:[5, 11, 2, 30]
110:[22, 4, 27, 42]
111:[0, 22, 35, 24]
112:[18, 15, 37, 13]
113:[7, 9, 21, 35]
114:[34, 44, 47, 21]
115:[28, 12, 44, 47]
116:[46, 43]
117:[30, 7, 27, 10]
118:[21, 6, 44, 25]
119:[47, 29, 5]
120:[10, 2, 25, 16]
121:[13, 17, 24, 40]
122:[10, 22, 17, 37]
123:[14, 12, 28, 5]
124:[49, 37, 13, 29]
125:[18, 40]
126:[23, 19, 15, 3]
127:[48, 8, 37, 22]
128:[38, 6, 49, 18]
129:[16, 19, 45, 23]
130:[47, 10, 30, 17]
131:[21, 47]
132:[43, 38, 32]
133:[14, 0, 1, 13]
134:[6, 42, 24, 3]
135:[47, 29, 2, 10]
136:[38, 5, 32, 10]
137:[6, 12, 28, 20]
138:[34, 6, 14, 26]
139:[4, 46, 19, 23]
140:[27, 7, 35, 49]
141:[35, 13, 11, 38]
142:[41, 19, 26, 35]
143:[6, 24, 25]
144:[35, 7, 20, 15]
145:[21, 34, 41, 30]
146:[46, 22, 28, 7]
147:[2, 5, 33]
148:[15, 18]
149:[10, 4, 32, 46]
