0:[46, 2, 41]
1:[23, 0, 2, 43]
2:[45, 12, 0]
3:[3, 6, 36]
4:[0, 8, 15]
5:[41, 2, 29]
6:[49, 4, 33]
7:[14, 8, 36]
8:[7, 17, 39]
9:[37, 8, 15]
10:[7, 17, 39]
11:[10, 0, 9]
12:[6, 0, 23]
13:[37, 8, 38]
14:[27, 4, 32]
15:[3, 5, 32]
16:[17, 8, 18]
17:[43, 2, 18]
18:[46, 2, 12]
19:[1, 0, 4, 14]
20:[9, 19, 26]
21:[14, 24, 45]
22:[44, 6, 9]
23:[9, 0, 1]
24:[48, 14, 43]
25:[23, 0, 1]
26:[27, 17]
27:[38, 8, 40]
28:[43, 5, 11, 13]
29:[6, 4, 26]
30:[43, 2, 17, 31]
31:[27, 4, 16]
32:[20, 8, 40]
33:[47, 32, 4, 26]
34:[6, 9, 38]
35:[29, 0, 34]
36:[22, 0, 4, 32]
37:[19, 2, 43]
38:[18, 2, 46]
39:[10, 5, 32]
40:[27, 17, 39]
41:[11, 8, 37]
42:[7, 8, 18]
43:[0, 6]
44:[40, 0]
45:[20, 2, 29]
46:[6, 3, 31]
47:[3, 0, 17, 48]
48:[42, 6]
49:[9, 6, 24]
